gravity = 10.0
x_pos_initial = 57.68903014559046
y_pos_initial = 69.7387649614487
z_pos_initial = 29.788455971115205
x_vel_initial = 4.095386352575478
y_vel_initial = -1.0851565484227326
z_vel_initial = 8.873302168754886
num_bounces = 8
