gravity = 0.5
x_pos_initial = 74.49105831269274
y_pos_initial = 98.18647651468056
z_pos_initial = 82.63006550822858
x_vel_initial = 5.537836015997383
y_vel_initial = 9.824057457395988
z_vel_initial = -4.818725167281471