gravity = 0.0
x_pos_initial = 12.486626307401655
y_pos_initial = 36.32499364582927
z_pos_initial = 39.824052687611875
x_vel_initial = 3.030324758011581
y_vel_initial = 9.210009791628337
z_vel_initial = -3.3892568818852435
num_bounces = 2
