gravity = 0.0
x_pos_initial = 77.24054884275185
y_pos_initial = 90.52419688923744
z_pos_initial = 45.504923660453116
x_vel_initial = -9.875070266852868
y_vel_initial = 6.931214692251373
z_vel_initial = 1.9366544618532124