gravity = 0.5
x_pos_initial = 36.22679363045633
y_pos_initial = 73.12477476702468
z_pos_initial = 61.0918786824375
x_vel_initial = 3.304095682754772
y_vel_initial = 3.3045908994206687
z_vel_initial = 2.5293992801263645