gravity = 0.0
x_pos_initial = 54.315086631535095
y_pos_initial = 90.34368961796943
z_pos_initial = 84.30184059192146
x_vel_initial = -1.4548773805675488
y_vel_initial = 7.898892555510631
z_vel_initial = 7.341048186168894