gravity = 10.0
x_pos_initial = 31.57121750187784
y_pos_initial = 71.19076942666744
z_pos_initial = 66.36071709080649
x_vel_initial = 7.840713698669219
y_vel_initial = -9.712429603015758
z_vel_initial = -4.308672008856477
num_bounces = 6
