gravity = 0.0
x_pos_initial = 22.01777141598204
y_pos_initial = 60.87915291409532
z_pos_initial = 55.443304484048035
x_vel_initial = 5.51227702215577
y_vel_initial = -5.5897735561600115
z_vel_initial = 2.746729113057004