gravity = 0.0
x_pos_initial = 14.28081501808048
y_pos_initial = 48.665203504096176
z_pos_initial = 11.969167174697073
x_vel_initial = 0.8462937024554584
y_vel_initial = -5.2514382228495045
z_vel_initial = 2.1654490820644217