gravity = 10.0
x_pos_initial = 66.38160628695641
y_pos_initial = 15.414607271591633
z_pos_initial = 70.32765569178906
x_vel_initial = -4.5934913081443955
y_vel_initial = -7.547903672761066
z_vel_initial = 1.746979467068904
num_bounces = 5
