gravity = 0.5
x_pos_initial = 0.967067177956764
y_pos_initial = 49.62042255307841
z_pos_initial = 4.835593408869516
x_vel_initial = -7.755187088948803
y_vel_initial = -3.935043147365807
z_vel_initial = -2.2210031329857394
num_bounces = 23
