gravity = 10.0
x_pos_initial = 7.173463223067718
y_pos_initial = 13.894943060876138
z_pos_initial = 88.35208007816591
x_vel_initial = -3.7707490098022056
y_vel_initial = -6.698300660842377
z_vel_initial = -0.08767127530029128
num_bounces = 4
