gravity = 0.0
x_pos_initial = 52.593179635271234
y_pos_initial = 44.47966505184388
z_pos_initial = 38.13065005570703
x_vel_initial = -4.79766490662402
y_vel_initial = -9.726116059576125
z_vel_initial = 1.7255893721775504