gravity = 0.5
x_pos_initial = 37.454061173385526
y_pos_initial = 40.3182371895807
z_pos_initial = 54.99911840271529
x_vel_initial = -2.6273469451467832
y_vel_initial = -5.553165139049237
z_vel_initial = -5.858407077583831
num_bounces = 21
