gravity = 10.0
x_pos_initial = 92.69671914173287
y_pos_initial = 57.14261408889422
z_pos_initial = 25.508638115711843
x_vel_initial = 9.992147780068137
y_vel_initial = -4.961842221966204
z_vel_initial = 4.805481908093515
num_bounces = 8
