gravity = 0.0
x_pos_initial = 47.969213803464974
y_pos_initial = 98.50083263189367
z_pos_initial = 5.738083390006118
x_vel_initial = -1.6569868605270912
y_vel_initial = 8.164248595113829
z_vel_initial = -3.743961006874528
num_bounces = 3
