gravity = 10.0
x_pos_initial = 18.985691183343206
y_pos_initial = 35.65646257767017
z_pos_initial = 36.66789501507563
x_vel_initial = -0.6074608239980375
y_vel_initial = 0.7753444581206086
z_vel_initial = 5.6251138147887705
num_bounces = 6
