gravity = 0.0
x_pos_initial = 47.11318555489412
y_pos_initial = 44.33300369958047
z_pos_initial = 29.906983443457587
x_vel_initial = -2.7970873112114827
y_vel_initial = 7.553575888755621
z_vel_initial = -2.8845807709291904
num_bounces = 3
