gravity = 0.0
x_pos_initial = 46.34251418088294
y_pos_initial = 19.05035403187994
z_pos_initial = 15.093714332062095
x_vel_initial = -2.7167772305294786
y_vel_initial = 3.682485793392985
z_vel_initial = -0.23174895262970097
num_bounces = 1
