gravity = 0.0
x_pos_initial = 12.51634121467
y_pos_initial = 12.037945376722645
z_pos_initial = 35.076524137200124
x_vel_initial = -8.177121798131349
y_vel_initial = 0.03086176112149097
z_vel_initial = 3.5817342803771854