gravity = 0.0
x_pos_initial = 83.96286879423802
y_pos_initial = 9.358910306393833
z_pos_initial = 76.86821596282623
x_vel_initial = 3.8034154887514386
y_vel_initial = -8.36075779747671
z_vel_initial = 7.673055405167695
num_bounces = 5
