gravity = 0.5
x_pos_initial = 6.684174388594711
y_pos_initial = 2.6108613580969027
z_pos_initial = 35.40700330329768
x_vel_initial = 1.0527010670222978
y_vel_initial = 1.1311386344510037
z_vel_initial = -1.6027818878430278
num_bounces = 5
