gravity = 0.5
x_pos_initial = 52.31763561500156
y_pos_initial = 60.122417345423415
z_pos_initial = 80.41974398109471
x_vel_initial = -4.0709741517573566
y_vel_initial = 4.51171174592262
z_vel_initial = 7.093975285315242
num_bounces = 20
