gravity = 0.5
x_pos_initial = 24.250673001203708
y_pos_initial = 50.41272237006316
z_pos_initial = 98.31899086510317
x_vel_initial = 9.888063698668816
y_vel_initial = -9.601989752538959
z_vel_initial = 7.927149332288941
num_bounces = 17
