gravity = 0.5
x_pos_initial = 19.334475512957304
y_pos_initial = 83.77385613045868
z_pos_initial = 68.47715292475499
x_vel_initial = -8.813718510410423
y_vel_initial = 0.2873750227362635
z_vel_initial = -4.338071170514825