gravity = 0.0
x_pos_initial = 88.67751768882128
y_pos_initial = 69.45385898742053
z_pos_initial = 24.035189163135595
x_vel_initial = -0.6942253227349067
y_vel_initial = 3.9476803741018873
z_vel_initial = -4.074977443594271
num_bounces = 2
