gravity = 0.0
x_pos_initial = 11.833577643238185
y_pos_initial = 37.011155708455654
z_pos_initial = 73.40810294059865
x_vel_initial = 5.993794179525256
y_vel_initial = -0.6763426846838971
z_vel_initial = -2.625530799504144