gravity = 0.5
x_pos_initial = 97.26774534786291
y_pos_initial = 9.62978598779745
z_pos_initial = 94.04809413752054
x_vel_initial = -1.4514349507311284
y_vel_initial = 6.738236198641854
z_vel_initial = 5.043479883770056