gravity = 0.0
x_pos_initial = 84.6613074346063
y_pos_initial = 73.87854001601605
z_pos_initial = 49.30049622869167
x_vel_initial = -7.770439995879708
y_vel_initial = -7.792248948205264
z_vel_initial = 4.0132881494944215
num_bounces = 3
