gravity = 10.0
x_pos_initial = 87.61330172132776
y_pos_initial = 33.23981077353778
z_pos_initial = 34.058848857944064
x_vel_initial = -8.99314723445441
y_vel_initial = 6.595439575391122
z_vel_initial = -0.4029312776248499
num_bounces = 6
