gravity = 10.0
x_pos_initial = 42.8360477765949
y_pos_initial = 32.39886293345334
z_pos_initial = 87.75839706184145
x_vel_initial = 1.7149081108338198
y_vel_initial = -1.3123475175543753
z_vel_initial = -2.245146531477168
num_bounces = 5
