gravity = 0.0
x_pos_initial = 21.00093276275893
y_pos_initial = 92.08139311978873
z_pos_initial = 41.52963612804477
x_vel_initial = -2.709159141671453
y_vel_initial = -3.4455278009781374
z_vel_initial = -1.1250606593615622