gravity = 0.5
x_pos_initial = 77.76696369463559
y_pos_initial = 78.84832178296696
z_pos_initial = 9.462202439328228
x_vel_initial = 6.7561386761225
y_vel_initial = -1.7267930626989294
z_vel_initial = -8.954733242019616
num_bounces = 24
