gravity = 10.0
x_pos_initial = 57.185235691906335
y_pos_initial = 98.24291960968628
z_pos_initial = 33.45261193815892
x_vel_initial = -4.599709435297899
y_vel_initial = 8.52697876904804
z_vel_initial = -6.839067916519699