gravity = 0.0
x_pos_initial = 90.72457710377265
y_pos_initial = 39.23089034603042
z_pos_initial = 34.004571826799534
x_vel_initial = 9.521796676203365
y_vel_initial = -6.317471867655334
z_vel_initial = 1.9773080263689309
num_bounces = 3
