gravity = 0.5
x_pos_initial = 6.8551297736188825
y_pos_initial = 23.49636437295629
z_pos_initial = 40.248653451563854
x_vel_initial = -0.9274443884120629
y_vel_initial = 7.163320573013735
z_vel_initial = -5.400964268794824
num_bounces = 19
