gravity = 0.5
x_pos_initial = 2.429087972797427
y_pos_initial = 52.51922939099319
z_pos_initial = 92.37480689049333
x_vel_initial = -5.8539895035946925
y_vel_initial = 2.5924561199132583
z_vel_initial = 8.592084597384986
num_bounces = 22
