gravity = 0.0
x_pos_initial = 24.046801347418636
y_pos_initial = 59.767484748533114
z_pos_initial = 47.71346769345005
x_vel_initial = 0.5554948639589128
y_vel_initial = -4.2298535073530585
z_vel_initial = -9.602666978684084