gravity = 0.0
x_pos_initial = 86.1468519446542
y_pos_initial = 83.92413384595218
z_pos_initial = 32.088055337127905
x_vel_initial = 9.971112996963562
y_vel_initial = 6.175487482244435
z_vel_initial = 1.6364930986981587