gravity = 0.5
x_pos_initial = 46.33172451213887
y_pos_initial = 39.03591834173841
z_pos_initial = 52.606544056650826
x_vel_initial = -2.118138198473167
y_vel_initial = -6.594243917414682
z_vel_initial = -3.4227276184379773
num_bounces = 20
