gravity = 0.0
x_pos_initial = 47.67473659938067
y_pos_initial = 78.66568353645096
z_pos_initial = 18.2972636982562
x_vel_initial = 0.40598565476918935
y_vel_initial = 7.734082275192314
z_vel_initial = -9.24911767444494