gravity = 0.0
x_pos_initial = 76.00782227378694
y_pos_initial = 74.83637319686655
z_pos_initial = 13.537714613141553
x_vel_initial = 4.5104156313011
y_vel_initial = -2.405765518509204
z_vel_initial = -1.6246157565311226
num_bounces = 2
