gravity = 0.0
x_pos_initial = 12.575378881827676
y_pos_initial = 6.409109511581575
z_pos_initial = 40.14580773756959
x_vel_initial = 7.111846747149915
y_vel_initial = -4.12243753015108
z_vel_initial = -2.4934207148003376
num_bounces = 3
