gravity = 10.0
x_pos_initial = 14.305228384919364
y_pos_initial = 26.473782599690605
z_pos_initial = 55.11546584150899
x_vel_initial = -0.769172665960637
y_vel_initial = -9.471703435418524
z_vel_initial = 5.74893544643694
num_bounces = 5
