gravity = 0.0
x_pos_initial = 78.22081494811336
y_pos_initial = 7.11511135933789
z_pos_initial = 74.75468087477037
x_vel_initial = 5.47472955493804
y_vel_initial = 1.2566053418487773
z_vel_initial = -9.183222195653842
num_bounces = 2
