gravity = 0.5
x_pos_initial = 3.0927834042404236
y_pos_initial = 17.757245243447535
z_pos_initial = 90.6518926981988
x_vel_initial = -1.7339312397019135
y_vel_initial = -8.419394964348552
z_vel_initial = 4.172816231720155
num_bounces = 13
