gravity = 0.0
x_pos_initial = 53.925158847720816
y_pos_initial = 49.49857707607177
z_pos_initial = 90.69551614386423
x_vel_initial = 3.0539641875726122
y_vel_initial = -9.706332436161032
z_vel_initial = -2.360250433158316
num_bounces = 3
