gravity = 10.0
x_pos_initial = 50.78307625718015
y_pos_initial = 14.799241149125002
z_pos_initial = 38.86617004838968
x_vel_initial = -2.498517671593987
y_vel_initial = -4.486624672853706
z_vel_initial = -7.01506180689347
num_bounces = 4
