gravity = 0.0
x_pos_initial = 22.144614472393407
y_pos_initial = 92.01402030806621
z_pos_initial = 95.98008024692372
x_vel_initial = -1.915689567913624
y_vel_initial = 8.931240896546367
z_vel_initial = 6.90639646383357