gravity = 0.5
x_pos_initial = 11.069406312836955
y_pos_initial = 84.91871680371989
z_pos_initial = 90.53468566492333
x_vel_initial = 7.657101615426793
y_vel_initial = 9.30865213349557
z_vel_initial = 7.097637323235908