gravity = 10.0
x_pos_initial = 41.84640695663906
y_pos_initial = 15.184152387579525
z_pos_initial = 89.54167057248216
x_vel_initial = 6.321294234924586
y_vel_initial = 4.255850742897053
z_vel_initial = -4.463496838737999