gravity = 0.0
x_pos_initial = 69.32822097756231
y_pos_initial = 36.84443876937067
z_pos_initial = 25.901854290458445
x_vel_initial = -8.815619135545164
y_vel_initial = -5.465832300982288
z_vel_initial = -8.472767985803484
num_bounces = 4
