gravity = 10.0
x_pos_initial = 35.54674204177887
y_pos_initial = 20.964639644318698
z_pos_initial = 48.07783899427755
x_vel_initial = -5.9842325324007275
y_vel_initial = 7.097294676498819
z_vel_initial = 5.1100799354606306