gravity = 0.0
x_pos_initial = 45.723291226104294
y_pos_initial = 4.612700305793548
z_pos_initial = 10.680619290038807
x_vel_initial = 5.359270131669575
y_vel_initial = 1.6177494077167793
z_vel_initial = 2.1738899733447106
num_bounces = 1
