gravity = 0.0
x_pos_initial = 70.03735038030396
y_pos_initial = 46.54689543811326
z_pos_initial = 15.595058184378036
x_vel_initial = 6.325805580102443
y_vel_initial = 5.272402992815174
z_vel_initial = 6.368847958577216
num_bounces = 3
