gravity = 10.0
x_pos_initial = 33.84993546362246
y_pos_initial = 99.76792756907919
z_pos_initial = 91.62825695818347
x_vel_initial = 4.509220264073063
y_vel_initial = -7.858042028388406
z_vel_initial = 7.2964936537131955
num_bounces = 7
