gravity = 0.5
x_pos_initial = 72.70537402396278
y_pos_initial = 67.31329147893622
z_pos_initial = 36.17065159168067
x_vel_initial = 1.2956152690534903
y_vel_initial = 7.967879737720111
z_vel_initial = -5.1348476749437335