gravity = 0.0
x_pos_initial = 87.85285915011247
y_pos_initial = 60.975227420883854
z_pos_initial = 99.14358402000354
x_vel_initial = -8.030394292164729
y_vel_initial = -2.4328279054123136
z_vel_initial = 6.386562000295243
num_bounces = 3
