gravity = 0.5
x_pos_initial = 59.13674325508978
y_pos_initial = 39.37454954133121
z_pos_initial = 31.65995235616279
x_vel_initial = -8.747880950721957
y_vel_initial = 9.228383087825236
z_vel_initial = -1.2371462925263241