gravity = 0.0
x_pos_initial = 7.449122125038979
y_pos_initial = 88.4618173801891
z_pos_initial = 2.722842863569184
x_vel_initial = 2.9184902328167865
y_vel_initial = 7.267700901886787
z_vel_initial = -1.697381884436858