gravity = 0.0
x_pos_initial = 52.39305443221532
y_pos_initial = 31.30631234794588
z_pos_initial = 54.53770036858342
x_vel_initial = 2.917943127854251
y_vel_initial = -2.2690205598216844
z_vel_initial = -2.694103736439443
num_bounces = 2
