gravity = 0.0
x_pos_initial = 37.74985538538276
y_pos_initial = 40.38908777683242
z_pos_initial = 91.27765273919057
x_vel_initial = 9.852614345803385
y_vel_initial = -7.583932603206049
z_vel_initial = 2.994860658947653
num_bounces = 3
