gravity = 0.0
x_pos_initial = 3.673004193441275
y_pos_initial = 75.40614090222395
z_pos_initial = 28.61550924351021
x_vel_initial = 4.470433527129394
y_vel_initial = 5.679412557473961
z_vel_initial = -3.009517450526861
num_bounces = 2
