gravity = 0.0
x_pos_initial = 91.60521329162626
y_pos_initial = 96.22997224052904
z_pos_initial = 43.11624459707096
x_vel_initial = 2.001885295120781
y_vel_initial = 7.778059584653228
z_vel_initial = 9.213893443388042
num_bounces = 4
