gravity = 0.5
x_pos_initial = 12.44510647827706
y_pos_initial = 99.87336751325654
z_pos_initial = 77.91098331043946
x_vel_initial = -3.850573070827796
y_vel_initial = 0.8797655794628056
z_vel_initial = 9.744466378926319
num_bounces = 21
