gravity = 0.5
x_pos_initial = 14.486413054419007
y_pos_initial = 30.29517454558196
z_pos_initial = 77.86013791271633
x_vel_initial = -3.76696533338999
y_vel_initial = 7.303463912714729
z_vel_initial = 2.1796489934154604
num_bounces = 19
