gravity = 10.0
x_pos_initial = 92.27783572590496
y_pos_initial = 0.2514645822320032
z_pos_initial = 37.53077507546684
x_vel_initial = 6.790652430455506
y_vel_initial = -4.024422716151675
z_vel_initial = -8.217563377975377
num_bounces = 5
