gravity = 0.0
x_pos_initial = 76.32782283592745
y_pos_initial = 51.63022718904553
z_pos_initial = 59.15724844166152
x_vel_initial = -4.9824996966276185
y_vel_initial = 6.941823017327561
z_vel_initial = -5.239106829147831
num_bounces = 3
