gravity = 0.5
x_pos_initial = 42.1053034921274
y_pos_initial = 19.729856848076345
z_pos_initial = 88.33393828362584
x_vel_initial = 1.3282769338587936
y_vel_initial = 3.2697386818073824
z_vel_initial = -0.4138484065324466
num_bounces = 14
