gravity = 10.0
x_pos_initial = 62.11604613493745
y_pos_initial = 52.136472560609235
z_pos_initial = 45.12392085497061
x_vel_initial = -1.1162264918275238
y_vel_initial = 4.615039984976384
z_vel_initial = 4.183120014809692
num_bounces = 6
