gravity = 0.0
x_pos_initial = 58.1798265072397
y_pos_initial = 19.392437432042655
z_pos_initial = 5.314047330979131
x_vel_initial = -2.3633415259382815
y_vel_initial = 9.557869046191588
z_vel_initial = 7.973948012228185