gravity = 0.0
x_pos_initial = 68.66091390398607
y_pos_initial = 64.17052244056217
z_pos_initial = 10.92607099860998
x_vel_initial = -3.763475756890621
y_vel_initial = -8.977504724792896
z_vel_initial = -8.13402074164006
num_bounces = 4
