gravity = 0.5
x_pos_initial = 45.676414579506734
y_pos_initial = 90.40227963272758
z_pos_initial = 67.70166056437233
x_vel_initial = -4.927985906359502
y_vel_initial = 1.9933292192013017
z_vel_initial = -1.3951822954654016