gravity = 0.0
x_pos_initial = 67.15390416011672
y_pos_initial = 69.76233981446309
z_pos_initial = 53.33475597012108
x_vel_initial = -0.27108130277705555
y_vel_initial = -0.4402228337463203
z_vel_initial = 7.9079960114205825
num_bounces = 1
