gravity = 0.5
x_pos_initial = 79.52026097938426
y_pos_initial = 20.253360664915768
z_pos_initial = 7.55237769537434
x_vel_initial = 5.305754890380683
y_vel_initial = -6.244084683912492
z_vel_initial = 6.449727125054093
num_bounces = 18
