gravity = 0.0
x_pos_initial = 85.69305725636227
y_pos_initial = 86.60011054159176
z_pos_initial = 69.02230893085124
x_vel_initial = 2.5303573345492776
y_vel_initial = 5.887692273170845
z_vel_initial = 9.65299207524006