gravity = 0.0
x_pos_initial = 2.626166131218954
y_pos_initial = 20.333665782037663
z_pos_initial = 77.57079313740888
x_vel_initial = -2.935947831693782
y_vel_initial = -1.9448611194972685
z_vel_initial = 5.218202860955287
num_bounces = 3
