gravity = 0.5
x_pos_initial = 57.69564355375528
y_pos_initial = 7.310782071354843
z_pos_initial = 84.86080077128614
x_vel_initial = 7.831398652731991
y_vel_initial = -9.453553147159303
z_vel_initial = -6.504518128269249