gravity = 0.5
x_pos_initial = 78.76467472086671
y_pos_initial = 17.11904857428819
z_pos_initial = 13.617314753136629
x_vel_initial = -2.427268234871785
y_vel_initial = 2.242966268190772
z_vel_initial = -5.127360741205017
num_bounces = 13
