gravity = 0.0
x_pos_initial = 90.57959498865314
y_pos_initial = 18.238186290062224
z_pos_initial = 10.939785326650624
x_vel_initial = -4.33201487188002
y_vel_initial = -1.5271786858932312
z_vel_initial = -2.927715402216874
num_bounces = 2
