gravity = 10.0
x_pos_initial = 53.47217313772063
y_pos_initial = 26.620965379150302
z_pos_initial = 69.77106990054133
x_vel_initial = 6.219043583763767
y_vel_initial = -8.518404976768027
z_vel_initial = 7.3287430302838
num_bounces = 5
