gravity = 0.0
x_pos_initial = 37.77333769334867
y_pos_initial = 47.04820951455793
z_pos_initial = 2.2643494537084905
x_vel_initial = -2.921103650264537
y_vel_initial = -6.686561030160595
z_vel_initial = 2.1142716228413185
num_bounces = 2
