gravity = 0.5
x_pos_initial = 45.472828109866654
y_pos_initial = 84.82957300052931
z_pos_initial = 0.43142309930498024
x_vel_initial = -7.01446858227718
y_vel_initial = -5.310960300375273
z_vel_initial = 3.80213283830426
num_bounces = 23
