gravity = 0.5
x_pos_initial = 1.0840115003951547
y_pos_initial = 7.662034208983155
z_pos_initial = 90.73885803906961
x_vel_initial = 4.898557257764157
y_vel_initial = -2.903754294007239
z_vel_initial = -8.816728936092176