gravity = 10.0
x_pos_initial = 37.46328569457977
y_pos_initial = 72.40134964721592
z_pos_initial = 53.72742956989743
x_vel_initial = -5.6149437251501295
y_vel_initial = -7.755355180729906
z_vel_initial = -3.928766988059337