gravity = 0.0
x_pos_initial = 73.13338608451511
y_pos_initial = 48.40596499625629
z_pos_initial = 0.47284956908548637
x_vel_initial = -3.0326132454781636
y_vel_initial = -4.947673401263302
z_vel_initial = -8.204676028476236