gravity = 10.0
x_pos_initial = 58.81539831252354
y_pos_initial = 33.78911137970011
z_pos_initial = 66.11067080433585
x_vel_initial = -8.197609607735776
y_vel_initial = -7.721375819194938
z_vel_initial = 0.051796176826520934