gravity = 0.5
x_pos_initial = 71.12706009634205
y_pos_initial = 48.44286875755957
z_pos_initial = 80.33922130901469
x_vel_initial = -5.056188794056301
y_vel_initial = -5.056152049146837
z_vel_initial = 6.003253400733616
num_bounces = 22
