gravity = 0.0
x_pos_initial = 49.62693318448986
y_pos_initial = 56.580210917189994
z_pos_initial = 41.334543238405914
x_vel_initial = 8.964265771150139
y_vel_initial = 2.7690391393060185
z_vel_initial = -8.01806612998431