gravity = 0.0
x_pos_initial = 95.95552699583116
y_pos_initial = 57.72175577144285
z_pos_initial = 12.653035843073363
x_vel_initial = -6.913053621159994
y_vel_initial = -6.574015655475707
z_vel_initial = -2.113347419148205
num_bounces = 3
