gravity = 0.5
x_pos_initial = 43.08879908756206
y_pos_initial = 61.4909341913829
z_pos_initial = 52.76840576618214
x_vel_initial = -2.214610899558549
y_vel_initial = -4.44668291555309
z_vel_initial = -1.9899181299528461