gravity = 0.5
x_pos_initial = 27.321628535840865
y_pos_initial = 41.95404231742858
z_pos_initial = 1.540458997759174
x_vel_initial = -8.26930946011976
y_vel_initial = 8.15802241843538
z_vel_initial = 4.718913380227111