gravity = 0.0
x_pos_initial = 78.56807133805398
y_pos_initial = 35.079735699796935
z_pos_initial = 23.53892679703026
x_vel_initial = 3.621292076168661
y_vel_initial = -9.942115066445476
z_vel_initial = 9.978411624614317
num_bounces = 4
