gravity = 0.0
x_pos_initial = 28.499614290724267
y_pos_initial = 93.81182138184873
z_pos_initial = 84.9982435036061
x_vel_initial = -6.649330263937827
y_vel_initial = -3.500256362867921
z_vel_initial = 5.533145961744623
num_bounces = 2
