gravity = 0.5
x_pos_initial = 34.832004946232416
y_pos_initial = 29.420853059338018
z_pos_initial = 34.42598181454465
x_vel_initial = 1.344026973855323
y_vel_initial = 3.1628497159438282
z_vel_initial = 3.26592883133695
num_bounces = 16
