gravity = 0.5
x_pos_initial = 13.589991293532478
y_pos_initial = 64.14166521638495
z_pos_initial = 13.796144419055146
x_vel_initial = 3.871300414768351
y_vel_initial = -3.5067366693711843
z_vel_initial = -5.910210481467649
num_bounces = 18
