gravity = 0.0
x_pos_initial = 19.027671791705668
y_pos_initial = 61.0584055593162
z_pos_initial = 92.49047538787418
x_vel_initial = -4.157819610007653
y_vel_initial = 8.796341467381172
z_vel_initial = -5.475219430779032