gravity = 0.5
x_pos_initial = 88.69953321968688
y_pos_initial = 44.073026537542255
z_pos_initial = 40.12550724192743
x_vel_initial = 4.2014678128591765
y_vel_initial = 5.475999250599166
z_vel_initial = -8.87596441336064
num_bounces = 19
