gravity = 0.0
x_pos_initial = 58.71569384456659
y_pos_initial = 19.271332220986533
z_pos_initial = 45.844322719294915
x_vel_initial = 1.3196123518017622
y_vel_initial = 6.837703925002156
z_vel_initial = 2.9323857308280967