gravity = 0.0
x_pos_initial = 96.73274314221852
y_pos_initial = 19.971945849159756
z_pos_initial = 86.62286861295028
x_vel_initial = -4.4964627141645055
y_vel_initial = -5.7185406753754675
z_vel_initial = -3.7233476819382334