gravity = 0.0
x_pos_initial = 95.45746928361547
y_pos_initial = 4.030368902162363
z_pos_initial = 30.619826842323928
x_vel_initial = 6.177044969150593
y_vel_initial = 9.290854675969555
z_vel_initial = -8.620576463381337