gravity = 0.5
x_pos_initial = 37.9828856278585
y_pos_initial = 22.27515782355745
z_pos_initial = 79.28819027205486
x_vel_initial = -1.849716499529265
y_vel_initial = -3.6563302965260505
z_vel_initial = -1.1669993481084173