gravity = 0.0
x_pos_initial = 99.64310784506058
y_pos_initial = 48.37025897965924
z_pos_initial = 80.59262986449617
x_vel_initial = -9.522767219774279
y_vel_initial = -2.56928918773324
z_vel_initial = 5.863695836496076