gravity = 0.5
x_pos_initial = 46.2037335992143
y_pos_initial = 44.624285854576286
z_pos_initial = 31.635776628493716
x_vel_initial = -9.572508432738339
y_vel_initial = 7.918174190863752
z_vel_initial = 0.19253976344738888