gravity = 0.5
x_pos_initial = 31.372752760572858
y_pos_initial = 91.90312515553062
z_pos_initial = 44.430462006261926
x_vel_initial = 6.104876794739461
y_vel_initial = 8.00294972131088
z_vel_initial = -2.031584047712091