gravity = 0.0
x_pos_initial = 82.6742243405705
y_pos_initial = 39.01402873331981
z_pos_initial = 19.838670982042473
x_vel_initial = 8.244991034770589
y_vel_initial = 6.037663251310686
z_vel_initial = 2.4740455664990737
num_bounces = 3
