gravity = 10.0
x_pos_initial = 31.944576223351817
y_pos_initial = 5.712540206240787
z_pos_initial = 2.8676447635012896
x_vel_initial = 2.555265712832444
y_vel_initial = -3.2595012841104065
z_vel_initial = 8.802567219037567
num_bounces = 2
