gravity = 10.0
x_pos_initial = 97.94078206589151
y_pos_initial = 49.11288520242994
z_pos_initial = 36.10693473656572
x_vel_initial = 2.4791261833767386
y_vel_initial = -9.721396675364696
z_vel_initial = -4.674475385853821