gravity = 0.0
x_pos_initial = 34.16809571413675
y_pos_initial = 78.79242726601521
z_pos_initial = 76.32698081272325
x_vel_initial = -7.493231523929364
y_vel_initial = 1.8623557553529828
z_vel_initial = 9.427802345232337