gravity = 0.0
x_pos_initial = 68.26812621227212
y_pos_initial = 7.9440724363838795
z_pos_initial = 92.93570247970044
x_vel_initial = -2.7831353049340404
y_vel_initial = 9.456214445871076
z_vel_initial = -3.1627897249068404
num_bounces = 1
