gravity = 0.0
x_pos_initial = 0.8270538166838381
y_pos_initial = 24.353846488211015
z_pos_initial = 11.597086779455642
x_vel_initial = 7.062487142516684
y_vel_initial = -2.1231691328579894
z_vel_initial = 3.9621364679701205