gravity = 0.0
x_pos_initial = 16.028144635692176
y_pos_initial = 58.30991112648514
z_pos_initial = 56.31896394060222
x_vel_initial = -5.908234302882172
y_vel_initial = 8.329708488149663
z_vel_initial = 3.495016898919628
num_bounces = 3
