gravity = 0.0
x_pos_initial = 45.913203852439835
y_pos_initial = 17.526426773628618
z_pos_initial = 54.0942301409556
x_vel_initial = 0.18411764849400925
y_vel_initial = -4.15208042689023
z_vel_initial = -4.043396139798313
num_bounces = 2
