gravity = 0.0
x_pos_initial = 16.800496890334458
y_pos_initial = 64.4076568583472
z_pos_initial = 18.156222973463308
x_vel_initial = 5.034852392923254
y_vel_initial = 1.658017607307075
z_vel_initial = 3.6907620095175133
num_bounces = 1
