gravity = 10.0
x_pos_initial = 54.095763945985716
y_pos_initial = 77.18506712165501
z_pos_initial = 79.60812482903391
x_vel_initial = -6.566320076234496
y_vel_initial = 4.47516530268593
z_vel_initial = 9.28151775504832
num_bounces = 9
