gravity = 0.0
x_pos_initial = 92.75931503405958
y_pos_initial = 50.455864406259614
z_pos_initial = 50.355538073813634
x_vel_initial = 6.053723871799978
y_vel_initial = -1.1151268932915617
z_vel_initial = 0.6343965119927297