gravity = 0.5
x_pos_initial = 36.99478083429165
y_pos_initial = 74.13043232183453
z_pos_initial = 99.80798374825027
x_vel_initial = 7.011262410477837
y_vel_initial = -0.9794727731529154
z_vel_initial = -2.8932192267617403