gravity = 0.0
x_pos_initial = 82.32154905630748
y_pos_initial = 68.6310344812186
z_pos_initial = 7.868120098932787
x_vel_initial = 5.14942243644639
y_vel_initial = 8.704467205095636
z_vel_initial = -3.672880835958317