gravity = 10.0
x_pos_initial = 48.75170308628904
y_pos_initial = 38.51944795641171
z_pos_initial = 6.273155344909677
x_vel_initial = 1.823099824105995
y_vel_initial = -1.465657512228324
z_vel_initial = -4.279838070629973
num_bounces = 6
