gravity = 0.0
x_pos_initial = 85.13836293731192
y_pos_initial = 48.670270958164124
z_pos_initial = 47.83999565043956
x_vel_initial = -1.2830327647907218
y_vel_initial = 5.790979787498836
z_vel_initial = -8.08293906834817