gravity = 10.0
x_pos_initial = 69.30670753342915
y_pos_initial = 38.25695250361664
z_pos_initial = 93.69237501250228
x_vel_initial = -7.397218642762647
y_vel_initial = 1.2875554221294436
z_vel_initial = 3.9081434733236335