gravity = 10.0
x_pos_initial = 29.39304047939677
y_pos_initial = 40.111486263346656
z_pos_initial = 30.306548750489245
x_vel_initial = 7.526200659169902
y_vel_initial = -8.945092895431767
z_vel_initial = 5.1535580758267745
num_bounces = 7
