gravity = 0.0
x_pos_initial = 59.919613189077054
y_pos_initial = 25.71365436871046
z_pos_initial = 86.55139196455049
x_vel_initial = 1.2213368510128433
y_vel_initial = 8.780122747744624
z_vel_initial = 8.68033065302376
num_bounces = 3
