gravity = 10.0
x_pos_initial = 47.36974225612475
y_pos_initial = 55.2405769516312
z_pos_initial = 47.934914980137926
x_vel_initial = -6.362779394790795
y_vel_initial = 2.1250752227236784
z_vel_initial = 0.7398188158294872