gravity = 10.0
x_pos_initial = 95.53989710939646
y_pos_initial = 7.919379246559332
z_pos_initial = 87.09283519736249
x_vel_initial = 4.9800961484308495
y_vel_initial = 4.316419335687648
z_vel_initial = 9.929015688616996