gravity = 0.5
x_pos_initial = 12.521304978588578
y_pos_initial = 85.01190517576386
z_pos_initial = 70.82707477384443
x_vel_initial = 9.764714628924299
y_vel_initial = 4.117330012756998
z_vel_initial = -0.4649645067383741
num_bounces = 23
