gravity = 0.0
x_pos_initial = 0.5181794254715621
y_pos_initial = 55.365695752477066
z_pos_initial = 78.09230478026093
x_vel_initial = 8.47252135970221
y_vel_initial = 8.62666274173866
z_vel_initial = -5.098205282945932
num_bounces = 3
