gravity = 0.0
x_pos_initial = 42.51003443952766
y_pos_initial = 92.19252102053812
z_pos_initial = 87.76897626247926
x_vel_initial = -5.0222835352743935
y_vel_initial = -7.377076106148342
z_vel_initial = -2.6649253932160626
num_bounces = 2
