gravity = 0.5
x_pos_initial = 5.333450601968749
y_pos_initial = 35.499166298131364
z_pos_initial = 65.12550497282804
x_vel_initial = -7.633217036665458
y_vel_initial = -3.8258637526949357
z_vel_initial = 2.874151234515919
num_bounces = 18
