gravity = 0.0
x_pos_initial = 79.33254916884022
y_pos_initial = 50.38601833755396
z_pos_initial = 93.32439220183171
x_vel_initial = 7.294128829730088
y_vel_initial = -6.5979258071761215
z_vel_initial = -2.74516871950443