gravity = 0.5
x_pos_initial = 19.6247973219522
y_pos_initial = 42.86131762734747
z_pos_initial = 58.50649593185603
x_vel_initial = -2.0111599493596906
y_vel_initial = -6.0186501422737475
z_vel_initial = -0.7844456000186142