gravity = 10.0
x_pos_initial = 18.38755591906771
y_pos_initial = 58.39327719583993
z_pos_initial = 85.37024439294018
x_vel_initial = 3.715901065204756
y_vel_initial = -0.18896053601800844
z_vel_initial = -9.881932927249116
num_bounces = 6
