gravity = 0.5
x_pos_initial = 3.6699818420924144
y_pos_initial = 70.65370628246137
z_pos_initial = 31.271119908923275
x_vel_initial = 7.1821748564728125
y_vel_initial = 0.89455009708443
z_vel_initial = -1.9791037255755128