gravity = 0.5
x_pos_initial = 98.76455338247278
y_pos_initial = 35.294907024629964
z_pos_initial = 65.48248631457022
x_vel_initial = -1.809734739552173
y_vel_initial = -7.547215805116048
z_vel_initial = 8.87075586737712