gravity = 0.0
x_pos_initial = 23.14649853906961
y_pos_initial = 73.71779769737873
z_pos_initial = 91.69429336469726
x_vel_initial = -8.110704470889901
y_vel_initial = -7.783243712657381
z_vel_initial = -6.18159334150779