gravity = 0.0
x_pos_initial = 89.46555351114434
y_pos_initial = 77.02670487133929
z_pos_initial = 64.01739071629858
x_vel_initial = 7.490796656955215
y_vel_initial = 3.1991291094569085
z_vel_initial = 0.33770559133010813
num_bounces = 3
