gravity = 0.0
x_pos_initial = 80.7724396373382
y_pos_initial = 21.82678422511569
z_pos_initial = 87.45505316313847
x_vel_initial = 2.208805712292177
y_vel_initial = 4.557689286019093
z_vel_initial = 3.409959945716672