gravity = 0.5
x_pos_initial = 67.76721980255249
y_pos_initial = 52.249221478213585
z_pos_initial = 31.87710334750908
x_vel_initial = -7.276729761275453
y_vel_initial = 6.287537252105249
z_vel_initial = 1.524132022747617
num_bounces = 21
