gravity = 10.0
x_pos_initial = 74.00606192608906
y_pos_initial = 18.3200050623651
z_pos_initial = 29.225818491613275
x_vel_initial = 9.157953284746466
y_vel_initial = 1.341968533323147
z_vel_initial = 2.4255400851184117