gravity = 0.0
x_pos_initial = 71.4950934886442
y_pos_initial = 81.33910260341621
z_pos_initial = 37.95889760357878
x_vel_initial = -4.575762686019569
y_vel_initial = -6.147791566528994
z_vel_initial = -8.373856494837135
num_bounces = 4
