gravity = 10.0
x_pos_initial = 14.673123594126038
y_pos_initial = 82.049003354642
z_pos_initial = 34.784672398994935
x_vel_initial = 5.2388985748418495
y_vel_initial = 4.52438190924531
z_vel_initial = 0.34681978817625314
num_bounces = 7
