gravity = 10.0
x_pos_initial = 32.48913066993516
y_pos_initial = 48.48880711232425
z_pos_initial = 29.392212927509515
x_vel_initial = -9.89651694280992
y_vel_initial = -6.557739279341893
z_vel_initial = -3.5336257143761243