gravity = 10.0
x_pos_initial = 51.11465799331578
y_pos_initial = 1.7291367643361955
z_pos_initial = 37.42811794869805
x_vel_initial = 0.1860152330313003
y_vel_initial = -3.2697124691521964
z_vel_initial = -1.3096904515160954