gravity = 10.0
x_pos_initial = 2.725107746891193
y_pos_initial = 56.19185527288776
z_pos_initial = 86.90223866203397
x_vel_initial = 2.324025422692177
y_vel_initial = -8.884334984420901
z_vel_initial = 5.171713152232636
num_bounces = 6
