gravity = 10.0
x_pos_initial = 77.44143894282472
y_pos_initial = 70.38227227399531
z_pos_initial = 7.610547782597509
x_vel_initial = 2.3662318265020517
y_vel_initial = 8.651203832027786
z_vel_initial = 9.12204770557231