gravity = 10.0
x_pos_initial = 56.27265536785442
y_pos_initial = 66.39040835035834
z_pos_initial = 62.134944665531826
x_vel_initial = -3.9288213071884925
y_vel_initial = 5.8387345072937915
z_vel_initial = -8.379352549981231
num_bounces = 8
