gravity = 10.0
x_pos_initial = 38.486756596988556
y_pos_initial = 64.54621730007833
z_pos_initial = 96.13222662541469
x_vel_initial = -2.959449805692813
y_vel_initial = -7.811124683402939
z_vel_initial = 6.5815312473428875
num_bounces = 7
