gravity = 0.5
x_pos_initial = 85.87006107446652
y_pos_initial = 1.6441126543590103
z_pos_initial = 29.02884804014606
x_vel_initial = -2.740125765590051
y_vel_initial = 7.906591305706087
z_vel_initial = -6.683815088581628
num_bounces = 7
