gravity = 0.5
x_pos_initial = 47.41926898539544
y_pos_initial = 91.620771955716
z_pos_initial = 76.5583743024423
x_vel_initial = -9.225805873965882
y_vel_initial = -3.1349769295384675
z_vel_initial = -5.838524088815325