gravity = 0.5
x_pos_initial = 83.22076001383327
y_pos_initial = 40.83579941221066
z_pos_initial = 55.49951161343475
x_vel_initial = 7.562085506679974
y_vel_initial = -8.576428160895006
z_vel_initial = 6.031213041836079
num_bounces = 17
