gravity = 0.5
x_pos_initial = 26.163290969335918
y_pos_initial = 91.70969818609538
z_pos_initial = 99.8615280972835
x_vel_initial = 1.893715510211953
y_vel_initial = -1.2938309429920096
z_vel_initial = -3.804064883394969