gravity = 10.0
x_pos_initial = 38.93214611426038
y_pos_initial = 47.33624416386273
z_pos_initial = 36.93089022084399
x_vel_initial = 5.518121849643732
y_vel_initial = -7.995911004287173
z_vel_initial = 6.861480377026663
num_bounces = 7
