gravity = 0.0
x_pos_initial = 83.24616899335317
y_pos_initial = 6.298857986888214
z_pos_initial = 39.659916300649186
x_vel_initial = -2.054721165651456
y_vel_initial = 0.08109923193292268
z_vel_initial = -5.707253567527633