gravity = 0.5
x_pos_initial = 20.372993444192574
y_pos_initial = 69.73923445813061
z_pos_initial = 83.25162183245487
x_vel_initial = -5.790868346484659
y_vel_initial = -9.661814033105331
z_vel_initial = 6.837053791106424