gravity = 0.5
x_pos_initial = 23.970695018077283
y_pos_initial = 8.842628211763975
z_pos_initial = 98.11958713716045
x_vel_initial = 9.58703005083348
y_vel_initial = -1.2026260278097514
z_vel_initial = -9.215182087936553