gravity = 0.0
x_pos_initial = 34.32395883639784
y_pos_initial = 56.5118383688597
z_pos_initial = 14.616819138742072
x_vel_initial = 8.878813740834804
y_vel_initial = -5.792743286086222
z_vel_initial = 4.158762725153176
num_bounces = 2
