gravity = 0.0
x_pos_initial = 94.37936912782484
y_pos_initial = 68.95480758133581
z_pos_initial = 21.59246409855219
x_vel_initial = -4.699149643858134
y_vel_initial = -4.002608102665877
z_vel_initial = -7.451915028737428