gravity = 0.5
x_pos_initial = 72.119158158804
y_pos_initial = 44.446193250137306
z_pos_initial = 76.80796619654815
x_vel_initial = -5.0492862667415706
y_vel_initial = 9.102309079010233
z_vel_initial = 1.6068728657117255