gravity = 0.5
x_pos_initial = 79.09159268779638
y_pos_initial = 5.294360733518448
z_pos_initial = 25.960229567179944
x_vel_initial = -6.185571841925594
y_vel_initial = 0.5774685702214128
z_vel_initial = 0.8987244380597907