gravity = 0.5
x_pos_initial = 69.98841362060016
y_pos_initial = 51.54692345446824
z_pos_initial = 14.42225957128556
x_vel_initial = 0.8412643337113899
y_vel_initial = -5.8085359068011035
z_vel_initial = -7.696052249157596