gravity = 0.0
x_pos_initial = 69.98525530115863
y_pos_initial = 5.018456396817125
z_pos_initial = 74.15176159343812
x_vel_initial = 6.9280460996138125
y_vel_initial = -5.366088154544648
z_vel_initial = 2.552586332740475