gravity = 0.0
x_pos_initial = 23.765914895516012
y_pos_initial = 83.77729532539193
z_pos_initial = 73.73595578962471
x_vel_initial = 0.4397370542944561
y_vel_initial = -6.371462511376956
z_vel_initial = -6.221798141558153