gravity = 10.0
x_pos_initial = 54.5481443378177
y_pos_initial = 73.72370971616616
z_pos_initial = 26.530020255800338
x_vel_initial = -4.704734298131637
y_vel_initial = 8.445075808413929
z_vel_initial = 8.966822998867698
num_bounces = 8
