gravity = 0.0
x_pos_initial = 55.057134113600384
y_pos_initial = 40.7032058110013
z_pos_initial = 20.61038159214378
x_vel_initial = 8.296349893820075
y_vel_initial = 8.204009548462079
z_vel_initial = 3.7869475984202587
num_bounces = 2
