gravity = 0.5
x_pos_initial = 69.37073011077104
y_pos_initial = 60.69385970512298
z_pos_initial = 68.67199298479616
x_vel_initial = -8.447902875466783
y_vel_initial = 0.36408780289373865
z_vel_initial = 4.063946317181127