gravity = 0.0
x_pos_initial = 31.075237883996294
y_pos_initial = 43.26856571087732
z_pos_initial = 71.20044957631849
x_vel_initial = -5.499578009142617
y_vel_initial = 4.289984871277568
z_vel_initial = -4.549544411917174
num_bounces = 3
