gravity = 0.0
x_pos_initial = 95.27074092376012
y_pos_initial = 63.45995811906115
z_pos_initial = 60.53937178961974
x_vel_initial = -9.989693523876845
y_vel_initial = -2.5107616810968176
z_vel_initial = -6.639233858473071