gravity = 0.0
x_pos_initial = 5.506953807284565
y_pos_initial = 37.82527647213256
z_pos_initial = 95.3105403116174
x_vel_initial = 7.3695340418506206
y_vel_initial = 9.19856099945282
z_vel_initial = -3.338642470316895