gravity = 0.5
x_pos_initial = 26.267837177233545
y_pos_initial = 0.6447192151688129
z_pos_initial = 68.26320750784724
x_vel_initial = 3.035847221136173
y_vel_initial = -4.810697044057495
z_vel_initial = -5.791962813444774
num_bounces = 3
