gravity = 10.0
x_pos_initial = 97.63856871239275
y_pos_initial = 40.007162046646464
z_pos_initial = 92.97211091751755
x_vel_initial = 5.427250914488386
y_vel_initial = 7.574926021351516
z_vel_initial = 8.931494594492936