gravity = 10.0
x_pos_initial = 21.753529848056438
y_pos_initial = 89.67602619593947
z_pos_initial = 99.11209819258794
x_vel_initial = 4.699469135857019
y_vel_initial = 9.3463439882733
z_vel_initial = -3.5655129145938016
num_bounces = 7
