gravity = 0.5
x_pos_initial = 43.91769268075203
y_pos_initial = 2.53256011279769
z_pos_initial = 44.15480417463404
x_vel_initial = 5.464231642452024
y_vel_initial = -9.481452483421558
z_vel_initial = 0.5665387288821986