gravity = 0.0
x_pos_initial = 15.157458544020514
y_pos_initial = 55.34874982905552
z_pos_initial = 17.038067619041655
x_vel_initial = -2.264009735417659
y_vel_initial = -1.4551232099824993
z_vel_initial = 8.427795095672824