gravity = 0.0
x_pos_initial = 37.83729135359068
y_pos_initial = 39.84491106197422
z_pos_initial = 39.47559452226092
x_vel_initial = -8.328263981737758
y_vel_initial = -0.3088195882879816
z_vel_initial = 5.087792466151942