gravity = 0.5
x_pos_initial = 81.95621312654728
y_pos_initial = 1.11212910192473
z_pos_initial = 43.088668991469476
x_vel_initial = 1.8099163946471464
y_vel_initial = -2.7971755231802646
z_vel_initial = 8.215749971431265
num_bounces = 6
