gravity = 10.0
x_pos_initial = 80.62295290853884
y_pos_initial = 80.49178528290042
z_pos_initial = 32.63628213529792
x_vel_initial = 3.248764999235817
y_vel_initial = 2.617604470552415
z_vel_initial = -7.474341669245671