gravity = 0.0
x_pos_initial = 74.53923392061786
y_pos_initial = 72.35654663492366
z_pos_initial = 99.50229701777266
x_vel_initial = -8.491525006033523
y_vel_initial = 3.3827672895698253
z_vel_initial = 5.0134858456483045