gravity = 0.5
x_pos_initial = 67.96338406649102
y_pos_initial = 35.70268522940954
z_pos_initial = 49.7725565016596
x_vel_initial = 5.191442992199454
y_vel_initial = 3.8189134906912514
z_vel_initial = 2.02881103107622