gravity = 10.0
x_pos_initial = 10.835285170672824
y_pos_initial = 87.68257685379591
z_pos_initial = 61.893238126233456
x_vel_initial = -6.500025831138361
y_vel_initial = 8.359020591620556
z_vel_initial = -0.9714174567495633
num_bounces = 8
