gravity = 0.5
x_pos_initial = 84.25620570800302
y_pos_initial = 63.646603550318794
z_pos_initial = 35.44962161047674
x_vel_initial = 9.431241736321777
y_vel_initial = 7.639350256594927
z_vel_initial = 8.028297797923525