gravity = 10.0
x_pos_initial = 8.477111839208073
y_pos_initial = 2.913491414567947
z_pos_initial = 37.24078273347778
x_vel_initial = -6.004567241230822
y_vel_initial = -5.620775381934901
z_vel_initial = 9.959685934846387