gravity = 10.0
x_pos_initial = 37.6356773505991
y_pos_initial = 40.40845257189313
z_pos_initial = 41.85991881350009
x_vel_initial = -1.783334801302333
y_vel_initial = -1.8784393489330728
z_vel_initial = -3.689648507941249
num_bounces = 6
