gravity = 0.0
x_pos_initial = 68.93418757764434
y_pos_initial = 95.65850380147543
z_pos_initial = 0.8381674602228643
x_vel_initial = -2.41397905512272
y_vel_initial = -8.600204048848921
z_vel_initial = 3.798285259197403