gravity = 0.0
x_pos_initial = 44.61281232698673
y_pos_initial = 77.37711225592342
z_pos_initial = 87.83387939437506
x_vel_initial = -3.3629342051125626
y_vel_initial = -0.33733789307463624
z_vel_initial = -7.370698331784235