gravity = 0.0
x_pos_initial = 16.024332494697937
y_pos_initial = 53.07305622254686
z_pos_initial = 33.66087231935692
x_vel_initial = -1.9101461029601534
y_vel_initial = 1.574275904122155
z_vel_initial = -3.124892337618139