gravity = 10.0
x_pos_initial = 24.239943032171173
y_pos_initial = 27.793397730782587
z_pos_initial = 62.45975595509226
x_vel_initial = 5.957691189384187
y_vel_initial = 2.3998903718197155
z_vel_initial = -5.7610980600658594