gravity = 0.0
x_pos_initial = 15.98101591002423
y_pos_initial = 33.62650581246612
z_pos_initial = 93.9218563155344
x_vel_initial = 3.7333659040261136
y_vel_initial = -7.9733897596642915
z_vel_initial = -2.8943038378517736