gravity = 0.0
x_pos_initial = 93.36811810130378
y_pos_initial = 44.182948479903885
z_pos_initial = 86.20096581475443
x_vel_initial = -8.188919941856533
y_vel_initial = -7.56980138152611
z_vel_initial = 5.139169475815244
num_bounces = 3
