gravity = 0.0
x_pos_initial = 36.48232718439019
y_pos_initial = 27.932823994107718
z_pos_initial = 47.21393565808763
x_vel_initial = -2.2784511785047554
y_vel_initial = -2.8065731843327137
z_vel_initial = 9.300432709455276