gravity = 0.0
x_pos_initial = 72.99305105763983
y_pos_initial = 9.933980748062236
z_pos_initial = 26.190596823989498
x_vel_initial = 4.9809299276913865
y_vel_initial = 2.11746910277469
z_vel_initial = -6.770671090886266