gravity = 0.0
x_pos_initial = 82.18979427925937
y_pos_initial = 72.51966343391223
z_pos_initial = 2.4364498004155557
x_vel_initial = -0.9299720299365024
y_vel_initial = -7.894692564884808
z_vel_initial = -7.373596402992069