gravity = 0.0
x_pos_initial = 67.14636772679201
y_pos_initial = 13.104456770401807
z_pos_initial = 3.7711409586035103
x_vel_initial = 2.2207175965695374
y_vel_initial = -4.92255943347406
z_vel_initial = 8.492744308347046