gravity = 10.0
x_pos_initial = 7.0384447188554065
y_pos_initial = 27.46670962957149
z_pos_initial = 76.58180511948987
x_vel_initial = -2.7873947577760525
y_vel_initial = 9.323561159685333
z_vel_initial = 1.061885046950847