gravity = 0.0
x_pos_initial = 12.946213376135278
y_pos_initial = 15.658885693652662
z_pos_initial = 16.594362723382517
x_vel_initial = -9.33056414524659
y_vel_initial = 6.29861113936553
z_vel_initial = -1.224439867275379