gravity = 0.0
x_pos_initial = 6.913669543063452
y_pos_initial = 70.43670865115709
z_pos_initial = 33.00476418196373
x_vel_initial = -8.397595304209283
y_vel_initial = 8.709737153957771
z_vel_initial = -0.05865905016982964