gravity = 0.0
x_pos_initial = 44.55737905337282
y_pos_initial = 14.114892751557646
z_pos_initial = 88.90994908673132
x_vel_initial = 8.905376381574484
y_vel_initial = -1.0629911779401144
z_vel_initial = 9.073025584364988
num_bounces = 4
