gravity = 0.0
x_pos_initial = 7.750502564307376
y_pos_initial = 37.58601227912227
z_pos_initial = 59.9117398398074
x_vel_initial = -3.4320530976879233
y_vel_initial = 3.822905310582989
z_vel_initial = -2.9769107274453486