gravity = 0.5
x_pos_initial = 36.69259448523805
y_pos_initial = 54.19636288071141
z_pos_initial = 15.149029541479049
x_vel_initial = 4.571663382878166
y_vel_initial = -4.850979405961996
z_vel_initial = -3.0008187109258238