gravity = 10.0
x_pos_initial = 12.553535552226105
y_pos_initial = 30.447129220453444
z_pos_initial = 54.73437763402827
x_vel_initial = 5.928218160908825
y_vel_initial = -5.650206773220703
z_vel_initial = -4.878225819116452