gravity = 0.0
x_pos_initial = 38.26118544922525
y_pos_initial = 87.83656388904063
z_pos_initial = 91.19031822367867
x_vel_initial = -8.437008247752152
y_vel_initial = 7.749662104253925
z_vel_initial = -9.974258141801768