gravity = 0.0
x_pos_initial = 91.68049470006994
y_pos_initial = 39.239618639534825
z_pos_initial = 63.408424701720314
x_vel_initial = -1.9155966736110006
y_vel_initial = -7.877544584253805
z_vel_initial = -4.311966992926393
num_bounces = 2
