gravity = 0.5
x_pos_initial = 85.83124187967707
y_pos_initial = 0.43360542474125663
z_pos_initial = 21.155360616520188
x_vel_initial = 0.5944626941070386
y_vel_initial = -2.83612515393299
z_vel_initial = 2.0743688326862753
num_bounces = 2
