gravity = 0.5
x_pos_initial = 13.257168703361648
y_pos_initial = 24.35183495059527
z_pos_initial = 29.28448876301785
x_vel_initial = 9.171102010507944
y_vel_initial = -4.186789138086933
z_vel_initial = 3.49910384305781
num_bounces = 16
