gravity = 0.0
x_pos_initial = 50.61665669958171
y_pos_initial = 52.27919548242835
z_pos_initial = 59.60609104203075
x_vel_initial = -7.772233067174945
y_vel_initial = 7.451382893664359
z_vel_initial = -1.4782797984423883
num_bounces = 2
