gravity = 0.0
x_pos_initial = 41.31775749883579
y_pos_initial = 60.2655743547794
z_pos_initial = 46.32337490163657
x_vel_initial = 3.08641491381257
y_vel_initial = -9.86216823372827
z_vel_initial = -8.28586203424348
num_bounces = 3
