gravity = 0.0
x_pos_initial = 40.3254681373652
y_pos_initial = 58.34098613274113
z_pos_initial = 71.4906161072268
x_vel_initial = 3.2946880853932363
y_vel_initial = 8.250533464735337
z_vel_initial = 5.890165072084935
num_bounces = 3
