gravity = 10.0
x_pos_initial = 98.03048390683594
y_pos_initial = 39.13554473184997
z_pos_initial = 38.58086587837665
x_vel_initial = 7.1275418233123204
y_vel_initial = 8.295947819457496
z_vel_initial = -3.6519471017169565