gravity = 0.0
x_pos_initial = 49.84397721946862
y_pos_initial = 43.47666057863988
z_pos_initial = 15.292233679674158
x_vel_initial = -2.997714919630557
y_vel_initial = -7.895609226914289
z_vel_initial = 9.843727678392671
num_bounces = 3
