gravity = 0.0
x_pos_initial = 3.2178835193807536
y_pos_initial = 39.50808640994593
z_pos_initial = 66.30895620228361
x_vel_initial = 5.311546672546905
y_vel_initial = 6.184438293237985
z_vel_initial = -9.763758647856362