gravity = 0.0
x_pos_initial = 45.10458839863024
y_pos_initial = 52.887588939331465
z_pos_initial = 60.87391802359909
x_vel_initial = 2.737140172270344
y_vel_initial = -2.117170594236736
z_vel_initial = 8.61478662820939
num_bounces = 2
