gravity = 0.5
x_pos_initial = 95.91542492089906
y_pos_initial = 63.0104089861579
z_pos_initial = 94.93796636485956
x_vel_initial = -1.316355818921517
y_vel_initial = 2.6549966390302355
z_vel_initial = -9.154116386145754