gravity = 10.0
x_pos_initial = 77.28497733336101
y_pos_initial = 3.1919129524423466
z_pos_initial = 16.666612099190157
x_vel_initial = 9.52847416110778
y_vel_initial = 8.777475210674691
z_vel_initial = -6.363203211651277
num_bounces = 4
