gravity = 10.0
x_pos_initial = 28.149541831896787
y_pos_initial = 73.93110697527669
z_pos_initial = 90.72905337476146
x_vel_initial = -5.0535480401411075
y_vel_initial = -7.163691633693995
z_vel_initial = -5.342262898057407
num_bounces = 6
