gravity = 0.5
x_pos_initial = 14.342595810291225
y_pos_initial = 98.76500805550752
z_pos_initial = 32.430669389657076
x_vel_initial = 4.24018519631101
y_vel_initial = -5.315896949121219
z_vel_initial = -0.5206857734680614