gravity = 10.0
x_pos_initial = 99.06737280868717
y_pos_initial = 90.78075838559253
z_pos_initial = 3.9027758368037797
x_vel_initial = 5.026733030183829
y_vel_initial = -4.135576320189295
z_vel_initial = -6.416267292633317