gravity = 0.0
x_pos_initial = 16.187492116788075
y_pos_initial = 78.20265946092208
z_pos_initial = 52.801626754317994
x_vel_initial = 7.129336742293681
y_vel_initial = 8.4389165779844
z_vel_initial = -7.031945081946244
num_bounces = 4
