gravity = 0.0
x_pos_initial = 13.145893302606098
y_pos_initial = 4.449411925287969
z_pos_initial = 44.098133961579016
x_vel_initial = -7.3495571840896154
y_vel_initial = 5.763688780765889
z_vel_initial = 4.894259219804201
num_bounces = 4
