gravity = 10.0
x_pos_initial = 3.2721458925709266
y_pos_initial = 41.304704193384474
z_pos_initial = 21.33109097308814
x_vel_initial = 8.669183916124545
y_vel_initial = -6.642275178166603
z_vel_initial = 7.112215473659404
num_bounces = 7
