gravity = 0.0
x_pos_initial = 45.940985172727544
y_pos_initial = 55.15323972110651
z_pos_initial = 58.97650038203942
x_vel_initial = 6.565171532512078
y_vel_initial = 9.683622970736543
z_vel_initial = 1.5027313440881098