gravity = 10.0
x_pos_initial = 3.8740794723240253
y_pos_initial = 72.645175506864
z_pos_initial = 23.46924228373883
x_vel_initial = -7.680190314728057
y_vel_initial = 7.642198117155054
z_vel_initial = 8.324216632987895