gravity = 0.0
x_pos_initial = 39.86498014531934
y_pos_initial = 43.94977497288985
z_pos_initial = 58.87371810692288
x_vel_initial = 2.024234239497373
y_vel_initial = 4.246814340617313
z_vel_initial = 9.053821997776858