gravity = 0.5
x_pos_initial = 60.08241883326502
y_pos_initial = 12.801441958705349
z_pos_initial = 4.45784637915125
x_vel_initial = 4.169355186597455
y_vel_initial = 2.9368673619489307
z_vel_initial = 4.643890910906533
num_bounces = 11
