gravity = 10.0
x_pos_initial = 79.88663990143334
y_pos_initial = 7.951592968932157
z_pos_initial = 70.24677187134412
x_vel_initial = -0.616196611438335
y_vel_initial = -0.7581794340743073
z_vel_initial = -7.655908661877997
num_bounces = 2
