gravity = 0.5
x_pos_initial = 12.132775279202178
y_pos_initial = 88.82416693355137
z_pos_initial = 24.57338745077554
x_vel_initial = -0.26073676067143126
y_vel_initial = -2.701815612088965
z_vel_initial = -0.9968449664185304
num_bounces = 17
