gravity = 0.0
x_pos_initial = 75.74282830028629
y_pos_initial = 6.046640323328474
z_pos_initial = 88.8268665294347
x_vel_initial = 1.4994431682805747
y_vel_initial = 4.053691662041883
z_vel_initial = 4.454214148988562
num_bounces = 2
