gravity = 0.0
x_pos_initial = 2.3214129485279282
y_pos_initial = 79.71649242522516
z_pos_initial = 68.46762106673206
x_vel_initial = 9.028555106942424
y_vel_initial = -4.161497972975161
z_vel_initial = -5.349434401204306