gravity = 10.0
x_pos_initial = 53.50734073573016
y_pos_initial = 77.48080693531182
z_pos_initial = 62.0299298122917
x_vel_initial = 5.708900872301172
y_vel_initial = -7.634643946435064
z_vel_initial = 1.0837718929290077