gravity = 10.0
x_pos_initial = 23.459240947900184
y_pos_initial = 85.92470502099957
z_pos_initial = 19.590374260065328
x_vel_initial = -2.5273315241946746
y_vel_initial = 7.199909061509793
z_vel_initial = 3.1135644958218407
num_bounces = 7
