gravity = 0.0
x_pos_initial = 5.548217919833628
y_pos_initial = 26.25865878727318
z_pos_initial = 44.76761432073814
x_vel_initial = 0.4578419394362001
y_vel_initial = 5.028733152847744
z_vel_initial = -3.5778114704791344
num_bounces = 2
