gravity = 0.0
x_pos_initial = 92.03302787226094
y_pos_initial = 47.07186218191146
z_pos_initial = 81.68758129296843
x_vel_initial = 5.617839953658908
y_vel_initial = -2.4148906533522094
z_vel_initial = -0.984790189252184