gravity = 10.0
x_pos_initial = 55.832309365090474
y_pos_initial = 44.06262438775136
z_pos_initial = 13.704924155535807
x_vel_initial = 5.278989507597016
y_vel_initial = -5.110296061787287
z_vel_initial = -5.601117291099193
num_bounces = 7
