gravity = 0.0
x_pos_initial = 34.4943015447986
y_pos_initial = 31.798842722665114
z_pos_initial = 47.82802123106084
x_vel_initial = 8.143689631544223
y_vel_initial = 4.882725957274168
z_vel_initial = -0.9533191627827353