gravity = 10.0
x_pos_initial = 38.46543886939038
y_pos_initial = 34.789826284172676
z_pos_initial = 49.36104335958003
x_vel_initial = -1.667750198275705
y_vel_initial = -6.109111108955878
z_vel_initial = -1.891507522337065