gravity = 0.0
x_pos_initial = 71.65457829642361
y_pos_initial = 67.11802496428591
z_pos_initial = 65.4158846896691
x_vel_initial = -4.492276395024965
y_vel_initial = -7.683440228425345
z_vel_initial = -9.741070536809868
num_bounces = 3
