gravity = 0.0
x_pos_initial = 30.851544673149395
y_pos_initial = 97.76904650386747
z_pos_initial = 29.1851767375453
x_vel_initial = 1.5687692792517662
y_vel_initial = 0.31282004672734587
z_vel_initial = -3.352756924255072
num_bounces = 2
