gravity = 10.0
x_pos_initial = 5.734529513640391
y_pos_initial = 82.10425022649056
z_pos_initial = 87.84954726075303
x_vel_initial = -7.103267010963808
y_vel_initial = 1.6599147767266231
z_vel_initial = -0.4144661306000348