gravity = 0.0
x_pos_initial = 31.14833246828247
y_pos_initial = 37.25927041932931
z_pos_initial = 98.72524532845401
x_vel_initial = -4.482461981004072
y_vel_initial = -9.675767640709989
z_vel_initial = -3.228153289893875
num_bounces = 3
