gravity = 0.0
x_pos_initial = 25.19510820048884
y_pos_initial = 76.57043748949384
z_pos_initial = 92.91850234095197
x_vel_initial = 9.693503187729057
y_vel_initial = -3.102469219788243
z_vel_initial = -7.916844675659393