gravity = 10.0
x_pos_initial = 35.30380796625693
y_pos_initial = 65.63654490141414
z_pos_initial = 85.74770064090075
x_vel_initial = -5.655681872884087
y_vel_initial = -4.578068752764151
z_vel_initial = -0.852554368803208
num_bounces = 5
