gravity = 0.0
x_pos_initial = 42.2545385083711
y_pos_initial = 82.88286365347273
z_pos_initial = 9.840033972092057
x_vel_initial = -6.81654791895984
y_vel_initial = 9.163063445341358
z_vel_initial = -5.070541903224349