gravity = 0.0
x_pos_initial = 85.54857247750475
y_pos_initial = 99.53242191194424
z_pos_initial = 4.37265046378547
x_vel_initial = -9.51646574129031
y_vel_initial = 1.356300178003874
z_vel_initial = -6.350793484198461