gravity = 0.5
x_pos_initial = 40.17340704822559
y_pos_initial = 89.88238537643493
z_pos_initial = 83.70123714416876
x_vel_initial = -2.2888502318171557
y_vel_initial = 0.48445789760500446
z_vel_initial = 8.146246240688495
num_bounces = 19
