gravity = 10.0
x_pos_initial = 78.51024674323476
y_pos_initial = 20.622694331801615
z_pos_initial = 18.778399650002484
x_vel_initial = 1.7642327722153581
y_vel_initial = -5.183848370849365
z_vel_initial = 5.067362975939531
num_bounces = 5
