gravity = 0.0
x_pos_initial = 4.975726137605275
y_pos_initial = 91.35838034654532
z_pos_initial = 37.60278523128924
x_vel_initial = 5.278897485031857
y_vel_initial = 6.860681712627066
z_vel_initial = -8.539519627133853