gravity = 0.0
x_pos_initial = 18.476274461727947
y_pos_initial = 26.76889310399542
z_pos_initial = 98.20569544089248
x_vel_initial = 6.879329877733767
y_vel_initial = 6.926079531205129
z_vel_initial = -8.857327532475548
num_bounces = 3
