gravity = 0.5
x_pos_initial = 57.82642710941871
y_pos_initial = 30.409894967151544
z_pos_initial = 80.01178694884861
x_vel_initial = 6.8187292793109755
y_vel_initial = 0.5273115180965977
z_vel_initial = -2.8578749143643165