gravity = 0.0
x_pos_initial = 68.88500828081513
y_pos_initial = 94.42721155553753
z_pos_initial = 2.9656192341444503
x_vel_initial = -4.735302796846554
y_vel_initial = 4.485648498677117
z_vel_initial = 6.828032250707864