gravity = 0.0
x_pos_initial = 20.13494840662707
y_pos_initial = 30.307614581922707
z_pos_initial = 59.41381566204899
x_vel_initial = -4.802273107920524
y_vel_initial = -4.7064059137659395
z_vel_initial = 1.440821890805962
num_bounces = 2
