gravity = 0.0
x_pos_initial = 30.760800283224157
y_pos_initial = 81.8557615398022
z_pos_initial = 62.881296217579255
x_vel_initial = 8.856254651394845
y_vel_initial = 9.875192986797245
z_vel_initial = -3.5705790673757107