gravity = 0.0
x_pos_initial = 86.21915097459339
y_pos_initial = 34.255662735225734
z_pos_initial = 64.36407678889799
x_vel_initial = -4.261361527293922
y_vel_initial = -5.478677393951472
z_vel_initial = -1.0360955267497491