gravity = 0.0
x_pos_initial = 27.024755203945375
y_pos_initial = 76.87096029400608
z_pos_initial = 28.878252131209344
x_vel_initial = 5.5088402835160295
y_vel_initial = 9.178064841216504
z_vel_initial = 0.028594812180672946