gravity = 0.0
x_pos_initial = 10.942249541772002
y_pos_initial = 33.40991883262725
z_pos_initial = 21.45654008559044
x_vel_initial = -6.69918546158206
y_vel_initial = 9.024222728111162
z_vel_initial = 4.122643328267182
num_bounces = 3
