gravity = 0.5
x_pos_initial = 9.974015142816567
y_pos_initial = 64.58788068793163
z_pos_initial = 24.44161972366899
x_vel_initial = -0.37278379645464454
y_vel_initial = 3.3979270855590027
z_vel_initial = 6.946329847727757