gravity = 10.0
x_pos_initial = 41.95370717529177
y_pos_initial = 63.030593511748464
z_pos_initial = 51.8875910214301
x_vel_initial = -9.827843061109348
y_vel_initial = 6.120926441211019
z_vel_initial = 1.0703117418083625