gravity = 0.0
x_pos_initial = 87.63809923564764
y_pos_initial = 63.21440267915175
z_pos_initial = 40.204090711496654
x_vel_initial = 4.759185467238005
y_vel_initial = -5.832860594787786
z_vel_initial = -6.34908145709127
num_bounces = 3
