gravity = 0.0
x_pos_initial = 63.20083333817388
y_pos_initial = 27.929482417486152
z_pos_initial = 11.863734427267326
x_vel_initial = -3.539847649142853
y_vel_initial = -5.539787475705762
z_vel_initial = -0.21876423851549376
num_bounces = 2
