gravity = 0.0
x_pos_initial = 22.757036917558192
y_pos_initial = 93.35711805782178
z_pos_initial = 14.72418111349568
x_vel_initial = 1.2376618022363726
y_vel_initial = 8.550694083709484
z_vel_initial = -0.00036229662062226
num_bounces = 2
