gravity = 10.0
x_pos_initial = 8.085353530788128
y_pos_initial = 34.577176645206805
z_pos_initial = 32.231123290283975
x_vel_initial = -8.926191313649323
y_vel_initial = 9.932722840543931
z_vel_initial = 9.313944256112187