gravity = 0.5
x_pos_initial = 95.45362397570723
y_pos_initial = 74.2544233260906
z_pos_initial = 23.28265091448701
x_vel_initial = -4.123370369263661
y_vel_initial = 8.663601437311318
z_vel_initial = -1.3530818051274007