gravity = 0.0
x_pos_initial = 68.94378133170274
y_pos_initial = 15.350212961691069
z_pos_initial = 34.49977182171818
x_vel_initial = -1.845573725331029
y_vel_initial = -6.5949972146516025
z_vel_initial = 8.41233333179741
num_bounces = 2
