gravity = 0.5
x_pos_initial = 39.75849197492028
y_pos_initial = 0.6017536269277184
z_pos_initial = 48.73390316166045
x_vel_initial = -0.5857780477672918
y_vel_initial = -7.5902128946123835
z_vel_initial = -5.22924793961553