gravity = 0.0
x_pos_initial = 11.200847310378668
y_pos_initial = 46.905760256681184
z_pos_initial = 29.95855871033603
x_vel_initial = -3.605255348908498
y_vel_initial = 7.06198576941285
z_vel_initial = -5.614257386691647