gravity = 10.0
x_pos_initial = 56.836005440837916
y_pos_initial = 82.42372203932517
z_pos_initial = 11.495813634474901
x_vel_initial = -9.610450657726094
y_vel_initial = 1.7464705117156196
z_vel_initial = 9.847171940568202