gravity = 0.0
x_pos_initial = 64.30352925911203
y_pos_initial = 26.887967984272063
z_pos_initial = 83.39406277519976
x_vel_initial = -4.936143405849139
y_vel_initial = -4.481516299318076
z_vel_initial = -8.06172785395374