gravity = 0.0
x_pos_initial = 95.58875871574286
y_pos_initial = 97.2071310718815
z_pos_initial = 14.450019622601735
x_vel_initial = 0.39401713712707753
y_vel_initial = -3.542583304796831
z_vel_initial = 5.391652606607051