gravity = 0.0
x_pos_initial = 6.399013096034808
y_pos_initial = 15.341266140075023
z_pos_initial = 55.04423782792636
x_vel_initial = 3.550019035502906
y_vel_initial = 0.6122898668301122
z_vel_initial = 1.878304053790771
num_bounces = 0
