gravity = 10.0
x_pos_initial = 73.06413919087252
y_pos_initial = 71.90472541137375
z_pos_initial = 85.00014049236044
x_vel_initial = -0.4043492927268364
y_vel_initial = -3.385604506729835
z_vel_initial = -6.970682504529395
num_bounces = 5
