gravity = 0.5
x_pos_initial = 21.084115899096282
y_pos_initial = 19.38782478050388
z_pos_initial = 93.94277848248372
x_vel_initial = 6.654195986180973
y_vel_initial = -7.045246624243028
z_vel_initial = -7.605214315133566
num_bounces = 16
