gravity = 0.0
x_pos_initial = 28.40631836068152
y_pos_initial = 34.17014969310185
z_pos_initial = 16.88723675171505
x_vel_initial = -5.189838334602704
y_vel_initial = 1.1417873668302434
z_vel_initial = 5.330203478479374