gravity = 0.5
x_pos_initial = 15.84008075906342
y_pos_initial = 91.31829685475228
z_pos_initial = 64.9475280117616
x_vel_initial = -1.265530276221062
y_vel_initial = 4.082207127088589
z_vel_initial = -8.301573848525605
num_bounces = 21
