gravity = 10.0
x_pos_initial = 32.24158671647496
y_pos_initial = 25.360033273910624
z_pos_initial = 40.150213951564524
x_vel_initial = 1.2049089116760499
y_vel_initial = 1.427704524682218
z_vel_initial = -1.9857700774171736