gravity = 0.0
x_pos_initial = 77.87643663666603
y_pos_initial = 41.673380684809764
z_pos_initial = 58.34795724964841
x_vel_initial = -1.543623343034577
y_vel_initial = 9.09608766704675
z_vel_initial = 5.105170882146453