gravity = 0.0
x_pos_initial = 31.132017328712827
y_pos_initial = 46.05854265016023
z_pos_initial = 77.32100424076104
x_vel_initial = -6.566059789291819
y_vel_initial = 6.35028550358707
z_vel_initial = 2.272024655235036