gravity = 10.0
x_pos_initial = 11.9587226204025
y_pos_initial = 72.16726255546811
z_pos_initial = 43.05274973837952
x_vel_initial = 2.0828833968993106
y_vel_initial = 2.78879771970238
z_vel_initial = 6.131747032177401