gravity = 0.5
x_pos_initial = 3.781334964822144
y_pos_initial = 46.19619248429374
z_pos_initial = 46.26770164314918
x_vel_initial = -2.517539928367321
y_vel_initial = 0.5693596630314275
z_vel_initial = -5.47582074665529