gravity = 10.0
x_pos_initial = 86.89026039816255
y_pos_initial = 21.040809116359863
z_pos_initial = 65.25251811113927
x_vel_initial = 2.4268133401195424
y_vel_initial = -5.350985746420968
z_vel_initial = -3.798017574430215
num_bounces = 5
