gravity = 0.5
x_pos_initial = 38.392591688386574
y_pos_initial = 61.53337097248913
z_pos_initial = 93.22363833373979
x_vel_initial = -4.857105203066248
y_vel_initial = -3.028911174776442
z_vel_initial = -8.89114814703582
num_bounces = 19
