gravity = 10.0
x_pos_initial = 42.893449689433524
y_pos_initial = 63.288310401943214
z_pos_initial = 94.80713495831077
x_vel_initial = 7.121569686520115
y_vel_initial = 3.500580745738384
z_vel_initial = -8.641173994104019