gravity = 0.5
x_pos_initial = 9.445536384983809
y_pos_initial = 85.31152659417718
z_pos_initial = 10.160391429425218
x_vel_initial = -9.436578818220152
y_vel_initial = 9.815753386298347
z_vel_initial = -2.503387536999778
num_bounces = 19
