gravity = 0.5
x_pos_initial = 7.169480888097951
y_pos_initial = 89.90107599235219
z_pos_initial = 84.54159330272081
x_vel_initial = -9.149311595550971
y_vel_initial = 7.701463648972009
z_vel_initial = 3.653768145966632
num_bounces = 20
