gravity = 0.0
x_pos_initial = 73.2401158746694
y_pos_initial = 52.02776354217521
z_pos_initial = 42.49007537753861
x_vel_initial = 2.53424685238582
y_vel_initial = 6.657656715500806
z_vel_initial = -4.217332669612998
num_bounces = 3
