gravity = 0.0
x_pos_initial = 25.926695720019946
y_pos_initial = 62.022803225429314
z_pos_initial = 89.21407741961093
x_vel_initial = -4.0378709519396905
y_vel_initial = 7.177534148001477
z_vel_initial = -2.0512119030792304