gravity = 0.0
x_pos_initial = 4.022344652422692
y_pos_initial = 85.921945414793
z_pos_initial = 40.71162909278129
x_vel_initial = -7.368253657157744
y_vel_initial = -5.883556731638141
z_vel_initial = 8.474612866553873
num_bounces = 4
