gravity = 0.0
x_pos_initial = 31.218927390298475
y_pos_initial = 16.735489917388435
z_pos_initial = 24.66239526574775
x_vel_initial = 8.967002157232855
y_vel_initial = 6.960800806828896
z_vel_initial = -7.058588417905204
num_bounces = 3
