gravity = 0.5
x_pos_initial = 49.08500087444004
y_pos_initial = 57.19702083904532
z_pos_initial = 63.869488630791736
x_vel_initial = 3.233780415395751
y_vel_initial = 1.4578204304267732
z_vel_initial = -5.444355894289508