gravity = 0.5
x_pos_initial = 77.91758582010975
y_pos_initial = 24.823273544724007
z_pos_initial = 34.251903845913425
x_vel_initial = -6.507562886386161
y_vel_initial = 1.2060972129469452
z_vel_initial = 5.71285702302189
num_bounces = 16
