gravity = 0.5
x_pos_initial = 39.27712019548912
y_pos_initial = 63.79712255988979
z_pos_initial = 9.319878044048005
x_vel_initial = -6.550537822301383
y_vel_initial = -8.742945987527662
z_vel_initial = -2.6618244848811026
num_bounces = 22
