gravity = 0.5
x_pos_initial = 8.356445971309423
y_pos_initial = 84.47123891387486
z_pos_initial = 49.30757809124333
x_vel_initial = -8.874758449723714
y_vel_initial = 0.15060035797964133
z_vel_initial = -8.326000714912418
num_bounces = 25
