gravity = 0.5
x_pos_initial = 43.501996333816464
y_pos_initial = 27.261574257815763
z_pos_initial = 22.393194981037787
x_vel_initial = 6.307011958897402
y_vel_initial = -6.867719713234136
z_vel_initial = -8.211623272721