gravity = 0.0
x_pos_initial = 50.22519633788736
y_pos_initial = 83.44675484488039
z_pos_initial = 10.429922905592923
x_vel_initial = -4.322803901116856
y_vel_initial = 6.593866272951129
z_vel_initial = -4.27187966644965