gravity = 0.0
x_pos_initial = 17.83812790967171
y_pos_initial = 71.82097403894102
z_pos_initial = 71.99285701568208
x_vel_initial = -9.804771600323122
y_vel_initial = 9.934646854706596
z_vel_initial = 8.836659099168411
num_bounces = 6
