gravity = 0.5
x_pos_initial = 43.18196683414208
y_pos_initial = 51.116088679090346
z_pos_initial = 78.70810227843245
x_vel_initial = -6.762558229659298
y_vel_initial = -0.04790485520503651
z_vel_initial = -6.521468537819171