gravity = 10.0
x_pos_initial = 87.62428558465272
y_pos_initial = 33.371080229872035
z_pos_initial = 80.76403051465249
x_vel_initial = 9.194876156252889
y_vel_initial = 5.70947291633963
z_vel_initial = 6.132220434933174
num_bounces = 8
