gravity = 0.5
x_pos_initial = 75.40237731365909
y_pos_initial = 80.18649240511438
z_pos_initial = 88.12564118735455
x_vel_initial = -4.161513817369919
y_vel_initial = -1.5289353261462342
z_vel_initial = -1.696102708838957
num_bounces = 22
