gravity = 0.0
x_pos_initial = 41.92552009738313
y_pos_initial = 26.96352747823169
z_pos_initial = 96.33647458239236
x_vel_initial = 8.637225552545626
y_vel_initial = 6.955718792751789
z_vel_initial = 7.339726048141351