gravity = 0.5
x_pos_initial = 10.682819554852212
y_pos_initial = 21.261788676798922
z_pos_initial = 91.11043495283369
x_vel_initial = -4.415553854162192
y_vel_initial = 4.984746988646911
z_vel_initial = 1.8640744634531572
num_bounces = 16
