gravity = 0.0
x_pos_initial = 82.5623276408411
y_pos_initial = 20.579007450182154
z_pos_initial = 11.86961904869565
x_vel_initial = -8.571302263423627
y_vel_initial = -2.116379960196057
z_vel_initial = 6.169865212485227