gravity = 0.5
x_pos_initial = 32.35553439689057
y_pos_initial = 34.32218749465934
z_pos_initial = 23.948040826960003
x_vel_initial = -3.8661596507282567
y_vel_initial = 7.34231369281456
z_vel_initial = 3.6202240625395987
num_bounces = 14
