gravity = 10.0
x_pos_initial = 95.39306283651231
y_pos_initial = 22.803482781203158
z_pos_initial = 58.45258660400935
x_vel_initial = -0.0061399790245584285
y_vel_initial = 9.46263643205619
z_vel_initial = 5.419739859138801
num_bounces = 4
