gravity = 0.0
x_pos_initial = 10.861745069003645
y_pos_initial = 36.29958909417401
z_pos_initial = 89.40502374077505
x_vel_initial = 0.7742062534029515
y_vel_initial = 0.524170840138309
z_vel_initial = -4.409271197782561