gravity = 0.0
x_pos_initial = 0.5717655194284318
y_pos_initial = 13.946604055853152
z_pos_initial = 74.60253855213608
x_vel_initial = -3.560904877817517
y_vel_initial = 0.18781630782567582
z_vel_initial = 9.430636219500823
num_bounces = 3
