gravity = 0.5
x_pos_initial = 37.544297507830905
y_pos_initial = 49.185683235199896
z_pos_initial = 47.69809125823036
x_vel_initial = -5.650062248898917
y_vel_initial = 3.6056911792984643
z_vel_initial = 5.919027055956278