gravity = 10.0
x_pos_initial = 65.55869242359614
y_pos_initial = 48.23545024206975
z_pos_initial = 76.65188464644194
x_vel_initial = 9.788294489791326
y_vel_initial = 0.2028246990106055
z_vel_initial = -9.130857249594767
num_bounces = 8
