gravity = 0.0
x_pos_initial = 63.57144045271949
y_pos_initial = 82.45243575479559
z_pos_initial = 0.6788308219163278
x_vel_initial = -3.6169944530410554
y_vel_initial = -4.475661874508944
z_vel_initial = 8.022028446164203