gravity = 0.0
x_pos_initial = 59.622613874013695
y_pos_initial = 57.35389332869406
z_pos_initial = 32.14145028503593
x_vel_initial = -0.8717075107984833
y_vel_initial = -7.216000958706453
z_vel_initial = -7.255244054460199