gravity = 10.0
x_pos_initial = 0.41946079416410453
y_pos_initial = 60.834212671561865
z_pos_initial = 95.34460192166769
x_vel_initial = 6.043869632472511
y_vel_initial = 8.160069624111053
z_vel_initial = -8.564716386016984
num_bounces = 8
