gravity = 10.0
x_pos_initial = 74.34040852310635
y_pos_initial = 18.60778365547156
z_pos_initial = 65.2262049627027
x_vel_initial = -7.814796064937756
y_vel_initial = -2.0515633930870587
z_vel_initial = -7.354217655549568
num_bounces = 5
