gravity = 0.0
x_pos_initial = 80.98949667379586
y_pos_initial = 11.467376805131572
z_pos_initial = 97.36305378650346
x_vel_initial = 2.649335341829749
y_vel_initial = 7.245019066942074
z_vel_initial = -5.840964868374071