gravity = 10.0
x_pos_initial = 25.288783337541975
y_pos_initial = 76.89138867266776
z_pos_initial = 29.62810801168367
x_vel_initial = -8.033345588919541
y_vel_initial = -0.9284574288044976
z_vel_initial = -4.250458309958356