gravity = 0.0
x_pos_initial = 35.98634754424917
y_pos_initial = 99.2047221922437
z_pos_initial = 70.62756237334662
x_vel_initial = 7.254916145249002
y_vel_initial = -9.649370841383728
z_vel_initial = 5.961219403542305