gravity = 10.0
x_pos_initial = 23.00013753173957
y_pos_initial = 99.88392060721867
z_pos_initial = 66.56728662665508
x_vel_initial = 1.3328756131235604
y_vel_initial = 7.187115526358017
z_vel_initial = 1.524189365487075