gravity = 10.0
x_pos_initial = 27.738393323089788
y_pos_initial = 1.9554489506236934
z_pos_initial = 71.44915648142647
x_vel_initial = 5.747098720606672
y_vel_initial = -6.081412865849341
z_vel_initial = 5.709924737178369
num_bounces = 4
