gravity = 0.0
x_pos_initial = 32.84859475102758
y_pos_initial = 5.213547805271381
z_pos_initial = 51.339646620168736
x_vel_initial = 7.389196564401907
y_vel_initial = 7.021235067108602
z_vel_initial = 4.782335874125351