gravity = 0.0
x_pos_initial = 27.172728934303393
y_pos_initial = 12.496567962659059
z_pos_initial = 82.82568602107526
x_vel_initial = -9.444316185191232
y_vel_initial = -9.581533410796435
z_vel_initial = -4.645707049410403