gravity = 10.0
x_pos_initial = 14.368773423422015
y_pos_initial = 42.13193089987673
z_pos_initial = 91.89657268613433
x_vel_initial = -5.47545632113037
y_vel_initial = -6.983984084427506
z_vel_initial = -3.2491720390570373
num_bounces = 6
