gravity = 10.0
x_pos_initial = 53.78569720384386
y_pos_initial = 10.48651446843957
z_pos_initial = 90.00019695280729
x_vel_initial = -8.512497476709466
y_vel_initial = -7.901272436857053
z_vel_initial = 9.337407692981955