gravity = 0.0
x_pos_initial = 11.402535444400591
y_pos_initial = 47.45791376067171
z_pos_initial = 18.947623000615426
x_vel_initial = -4.678702985807021
y_vel_initial = -0.24500680383338747
z_vel_initial = -4.031282934141402
num_bounces = 2
