gravity = 0.5
x_pos_initial = 56.4767132499811
y_pos_initial = 37.22956294246776
z_pos_initial = 0.1219860196499406
x_vel_initial = 6.325226845780829
y_vel_initial = 6.9206870016613635
z_vel_initial = 5.8531457999854215