gravity = 10.0
x_pos_initial = 86.48013139820068
y_pos_initial = 71.82116962909069
z_pos_initial = 81.56227219918863
x_vel_initial = 7.177897529697798
y_vel_initial = 6.89121044742334
z_vel_initial = -1.9745411508381334