gravity = 10.0
x_pos_initial = 0.7095737911288572
y_pos_initial = 40.61702638566418
z_pos_initial = 42.094074556503124
x_vel_initial = -3.157593942505943
y_vel_initial = -8.973124938998938
z_vel_initial = -9.261390421395276
num_bounces = 8
