gravity = 0.5
x_pos_initial = 29.071755593820924
y_pos_initial = 30.110081903234676
z_pos_initial = 80.51127915812552
x_vel_initial = -3.0896679528995845
y_vel_initial = 2.3705111775921868
z_vel_initial = -0.15591615475897314