gravity = 10.0
x_pos_initial = 20.42070073573787
y_pos_initial = 13.496621040205946
z_pos_initial = 74.43928586103044
x_vel_initial = 3.0574135078353617
y_vel_initial = -0.8443250746616755
z_vel_initial = 7.623069130219093