gravity = 0.0
x_pos_initial = 76.46138245618985
y_pos_initial = 59.658104405904886
z_pos_initial = 49.98513972962781
x_vel_initial = -5.066865658018255
y_vel_initial = -5.15477226659759
z_vel_initial = 1.2097930245524662