gravity = 0.0
x_pos_initial = 32.149964555431694
y_pos_initial = 60.430889776816635
z_pos_initial = 52.78968359706373
x_vel_initial = 6.040946025350262
y_vel_initial = -0.9626032919229921
z_vel_initial = -7.149842859408867