gravity = 0.5
x_pos_initial = 59.949624037446405
y_pos_initial = 45.552253108152804
z_pos_initial = 91.54303577367895
x_vel_initial = 5.174358725970075
y_vel_initial = -3.5407961858098274
z_vel_initial = 8.69655881995978