gravity = 0.0
x_pos_initial = 15.878611120688765
y_pos_initial = 74.85428862553269
z_pos_initial = 44.76533419369111
x_vel_initial = -7.78709184076428
y_vel_initial = 7.495514930569293
z_vel_initial = 1.0950605854292803
num_bounces = 4
