gravity = 0.0
x_pos_initial = 55.70763446878645
y_pos_initial = 27.69453350916806
z_pos_initial = 50.114629325091954
x_vel_initial = -3.980772483468341
y_vel_initial = 1.0711710238095051
z_vel_initial = -3.6991068449167503
num_bounces = 2
