gravity = 0.0
x_pos_initial = 41.56464306569875
y_pos_initial = 61.42773393679118
z_pos_initial = 35.77223712917398
x_vel_initial = 9.835133964421274
y_vel_initial = -8.659551913435969
z_vel_initial = -8.954771998377472
num_bounces = 5
