gravity = 0.0
x_pos_initial = 45.68909180922137
y_pos_initial = 41.653220251412186
z_pos_initial = 10.539133625015445
x_vel_initial = -0.6792908891908365
y_vel_initial = -3.717955292139157
z_vel_initial = 4.805511684303335