gravity = 0.0
x_pos_initial = 92.50410290552892
y_pos_initial = 82.70961598014866
z_pos_initial = 31.583134276735194
x_vel_initial = -2.415336008485488
y_vel_initial = 7.2745436976257345
z_vel_initial = -4.725837441773517