gravity = 0.0
x_pos_initial = 19.322763485600454
y_pos_initial = 76.29179580305185
z_pos_initial = 1.3309977935198192
x_vel_initial = -1.0938044698894291
y_vel_initial = 9.873254318954643
z_vel_initial = -0.03389254251745477
num_bounces = 3
