gravity = 0.5
x_pos_initial = 33.700666791903004
y_pos_initial = 51.11260693553601
z_pos_initial = 69.04514295160936
x_vel_initial = -3.5853870325335375
y_vel_initial = 4.0093635482519066
z_vel_initial = -2.090307393148205
num_bounces = 19
