gravity = 0.0
x_pos_initial = 99.3877338953709
y_pos_initial = 57.10033494507034
z_pos_initial = 29.36639072987376
x_vel_initial = -6.829642506156826
y_vel_initial = 4.668236543353757
z_vel_initial = -7.119585746831461