gravity = 0.0
x_pos_initial = 66.32218365379947
y_pos_initial = 55.37968746799888
z_pos_initial = 70.9698003474868
x_vel_initial = -4.703653155400289
y_vel_initial = 2.8650202931049833
z_vel_initial = -5.782239320682098
num_bounces = 3
