gravity = 0.0
x_pos_initial = 94.09944581090113
y_pos_initial = 84.64573038898699
z_pos_initial = 20.075764441632586
x_vel_initial = 1.9491845262370244
y_vel_initial = -0.3026445190089415
z_vel_initial = -6.670576688117606