gravity = 0.5
x_pos_initial = 44.97509546031974
y_pos_initial = 62.15108110946777
z_pos_initial = 8.158416837301148
x_vel_initial = 9.390069676988787
y_vel_initial = -8.671601439791644
z_vel_initial = -2.4987882316965964