gravity = 0.5
x_pos_initial = 84.78067815684382
y_pos_initial = 47.87758073539853
z_pos_initial = 8.247111494195122
x_vel_initial = -7.33477248406661
y_vel_initial = -2.9756059372386643
z_vel_initial = 9.055548029311918
num_bounces = 22
