gravity = 10.0
x_pos_initial = 87.63932340252516
y_pos_initial = 77.30145669133462
z_pos_initial = 77.51503501502715
x_vel_initial = -0.1570034399252318
y_vel_initial = 5.7488159563202945
z_vel_initial = -9.130129821820379