gravity = 0.5
x_pos_initial = 28.13850153100718
y_pos_initial = 57.76836929684469
z_pos_initial = 75.76547543043901
x_vel_initial = 3.17751645202312
y_vel_initial = -6.173609553150904
z_vel_initial = -8.74860974748924