gravity = 0.5
x_pos_initial = 87.83124357418008
y_pos_initial = 32.5763358280995
z_pos_initial = 13.715178413363219
x_vel_initial = -5.053063036232371
y_vel_initial = 8.99782388582718
z_vel_initial = 2.6076097098262974