gravity = 10.0
x_pos_initial = 80.31129774319177
y_pos_initial = 12.400541250166528
z_pos_initial = 56.358631303888394
x_vel_initial = -0.7900645896715108
y_vel_initial = 6.242922976004333
z_vel_initial = -9.265018785352684