gravity = 0.5
x_pos_initial = 75.83414462502387
y_pos_initial = 11.959701307581211
z_pos_initial = 61.788515236027735
x_vel_initial = -6.2423251711713075
y_vel_initial = -1.7728317600726324
z_vel_initial = -5.733108790884737
num_bounces = 11
