gravity = 0.0
x_pos_initial = 68.96134255254648
y_pos_initial = 29.395337818721202
z_pos_initial = 80.6649904023384
x_vel_initial = -1.422417067100806
y_vel_initial = -4.2277536487508565
z_vel_initial = -1.3888266798039872