gravity = 10.0
x_pos_initial = 36.57048308429456
y_pos_initial = 3.883524451246219
z_pos_initial = 24.074017979332982
x_vel_initial = -1.612415840682262
y_vel_initial = 8.618318939095381
z_vel_initial = -3.2480064182874937