gravity = 0.5
x_pos_initial = 33.429806924631144
y_pos_initial = 97.37226049666354
z_pos_initial = 53.902459361806415
x_vel_initial = 3.321432045151589
y_vel_initial = 4.115114682087125
z_vel_initial = 1.2165197102155556