gravity = 0.5
x_pos_initial = 15.601717773553425
y_pos_initial = 21.012050007513604
z_pos_initial = 55.27049602585431
x_vel_initial = 4.311623155466322
y_vel_initial = 8.562322430892692
z_vel_initial = 4.562036691170972
num_bounces = 18
