gravity = 0.0
x_pos_initial = 14.52253307652787
y_pos_initial = 11.67662416041251
z_pos_initial = 40.421180112346654
x_vel_initial = 1.5600929689243461
y_vel_initial = -1.1483410812866879
z_vel_initial = -0.05482249271778272
num_bounces = 1
