gravity = 10.0
x_pos_initial = 24.43042930461687
y_pos_initial = 64.18112334827713
z_pos_initial = 3.2250187059478947
x_vel_initial = -5.3319472988644865
y_vel_initial = 7.975636360502673
z_vel_initial = 7.197337715456133
num_bounces = 8
