gravity = 0.5
x_pos_initial = 23.45076472726161
y_pos_initial = 13.79705323267629
z_pos_initial = 20.921005828743038
x_vel_initial = 4.146421180565136
y_vel_initial = -1.966474452388736
z_vel_initial = -2.786094262968258
num_bounces = 11
