gravity = 10.0
x_pos_initial = 59.37339064912416
y_pos_initial = 31.326584801902605
z_pos_initial = 60.0058019134145
x_vel_initial = 4.073013552949707
y_vel_initial = 6.989326067314806
z_vel_initial = -8.663950816307404
num_bounces = 7
