gravity = 0.0
x_pos_initial = 38.686568778368134
y_pos_initial = 0.1641779400015274
z_pos_initial = 17.756369291878244
x_vel_initial = -7.382020404807259
y_vel_initial = -6.95072379503519
z_vel_initial = -0.8878774573075763
num_bounces = 3
