gravity = 0.0
x_pos_initial = 63.39553453387179
y_pos_initial = 76.86430997516128
z_pos_initial = 90.09109972227482
x_vel_initial = -5.030803470317297
y_vel_initial = 2.7182897543649034
z_vel_initial = 0.9551684475863844
num_bounces = 3
