gravity = 0.0
x_pos_initial = 62.93666275628781
y_pos_initial = 15.246586486640464
z_pos_initial = 3.3971181120937692
x_vel_initial = 6.0688029632424225
y_vel_initial = -4.382925256557922
z_vel_initial = 6.756626179248432