gravity = 0.0
x_pos_initial = 1.6683845647660895
y_pos_initial = 60.60619164179257
z_pos_initial = 85.29023167920597
x_vel_initial = 5.941869627076608
y_vel_initial = 9.475857834979465
z_vel_initial = 8.843572577770601
num_bounces = 5
