gravity = 0.5
x_pos_initial = 45.910968084055376
y_pos_initial = 45.30741716518847
z_pos_initial = 38.79026558347855
x_vel_initial = -0.6107362778024772
y_vel_initial = -6.794362253513652
z_vel_initial = 5.5860998722350175
num_bounces = 20
