gravity = 10.0
x_pos_initial = 58.284835930889784
y_pos_initial = 29.547565706579586
z_pos_initial = 6.102668832574346
x_vel_initial = 4.180664539128035
y_vel_initial = -7.174104915779157
z_vel_initial = 9.654911807562826
num_bounces = 5
