gravity = 0.5
x_pos_initial = 88.01474541670665
y_pos_initial = 64.15332723303675
z_pos_initial = 85.46560636148567
x_vel_initial = 5.616502334644549
y_vel_initial = -7.570766913556062
z_vel_initial = -4.043639544071772
num_bounces = 17
