gravity = 0.0
x_pos_initial = 40.84504470512667
y_pos_initial = 2.9719133903549775
z_pos_initial = 35.84340716299143
x_vel_initial = 8.602807499426977
y_vel_initial = -2.3827041928006247
z_vel_initial = 7.322280790381676
num_bounces = 3
