gravity = 0.0
x_pos_initial = 12.921533751379918
y_pos_initial = 93.16742255178258
z_pos_initial = 34.164543427450276
x_vel_initial = 6.6130158052536565
y_vel_initial = -8.987695014488722
z_vel_initial = -6.322803760997186