gravity = 0.0
x_pos_initial = 8.528705516158192
y_pos_initial = 19.470402928887516
z_pos_initial = 5.664365032523825
x_vel_initial = -3.364159413591291
y_vel_initial = 7.01022070285638
z_vel_initial = 7.644536236559723