gravity = 10.0
x_pos_initial = 99.36860539582271
y_pos_initial = 93.01613763431264
z_pos_initial = 39.91871092774127
x_vel_initial = 5.570913164738073
y_vel_initial = -5.358819299503371
z_vel_initial = 8.754706285417956
num_bounces = 6
