gravity = 0.5
x_pos_initial = 93.40330399079495
y_pos_initial = 88.2743152964659
z_pos_initial = 3.902851911932587
x_vel_initial = 5.542491560769088
y_vel_initial = -9.567192752789158
z_vel_initial = -0.9492213148310285
num_bounces = 24
