gravity = 0.0
x_pos_initial = 99.06418183042082
y_pos_initial = 39.64511812124973
z_pos_initial = 88.6042548229057
x_vel_initial = 6.964703089235705
y_vel_initial = -4.069507726219424
z_vel_initial = -0.5702243841948089