gravity = 0.0
x_pos_initial = 88.4025985392235
y_pos_initial = 9.372306456956084
z_pos_initial = 63.355949051974115
x_vel_initial = 4.399231783720877
y_vel_initial = 3.037177136279997
z_vel_initial = -2.047400184683653
num_bounces = 1
