gravity = 0.0
x_pos_initial = 49.08707290837679
y_pos_initial = 92.65347925891999
z_pos_initial = 83.61604342133701
x_vel_initial = -7.004511924750053
y_vel_initial = -4.266046638919072
z_vel_initial = -2.1689367111101117