gravity = 0.0
x_pos_initial = 35.6068916712661
y_pos_initial = 71.71926078740174
z_pos_initial = 84.73064531487836
x_vel_initial = 6.470585522976137
y_vel_initial = -7.9272014004376254
z_vel_initial = 5.712498616751361
num_bounces = 3
