gravity = 0.0
x_pos_initial = 33.52316314433142
y_pos_initial = 15.91136920514316
z_pos_initial = 13.54952559805972
x_vel_initial = -9.384933421714237
y_vel_initial = 4.547066934344668
z_vel_initial = -7.65081397199309
num_bounces = 4
