gravity = 10.0
x_pos_initial = 41.93445292793214
y_pos_initial = 51.0313426729421
z_pos_initial = 93.47923147428253
x_vel_initial = 3.636801909915704
y_vel_initial = 5.76136542140719
z_vel_initial = 8.494514238852457
num_bounces = 8
