gravity = 10.0
x_pos_initial = 96.63101787053947
y_pos_initial = 48.09476239990551
z_pos_initial = 89.27905074549675
x_vel_initial = 3.3497945994246265
y_vel_initial = -1.6889188492661802
z_vel_initial = -0.7025106373379213