gravity = 0.0
x_pos_initial = 58.787343053492144
y_pos_initial = 22.35447261502944
z_pos_initial = 58.866611053230955
x_vel_initial = 4.633941418416141
y_vel_initial = 4.635498645945342
z_vel_initial = 2.6980497317751304
num_bounces = 3
