gravity = 0.0
x_pos_initial = 30.275525679975324
y_pos_initial = 59.01372112515404
z_pos_initial = 38.321644974930784
x_vel_initial = -2.2170698536364064
y_vel_initial = -5.414592086449522
z_vel_initial = -1.5212517132262864