gravity = 0.0
x_pos_initial = 68.75380787948531
y_pos_initial = 9.902817505335618
z_pos_initial = 61.43678317225494
x_vel_initial = 7.9279669540412385
y_vel_initial = -1.2310529964447525
z_vel_initial = -6.923735234262441