gravity = 0.0
x_pos_initial = 98.02379134463231
y_pos_initial = 47.696860350935395
z_pos_initial = 58.09483180715447
x_vel_initial = 6.252550116984153
y_vel_initial = 9.884616313877174
z_vel_initial = 1.3822437505992724
num_bounces = 4
