gravity = 0.5
x_pos_initial = 68.26177698028414
y_pos_initial = 28.490033500539628
z_pos_initial = 19.425693364812123
x_vel_initial = -5.346871910793875
y_vel_initial = 4.705064722764005
z_vel_initial = -6.239600766864546