gravity = 0.5
x_pos_initial = 56.91614294064333
y_pos_initial = 70.17009921322555
z_pos_initial = 81.56648644679157
x_vel_initial = 8.496343010897348
y_vel_initial = 7.921103041257762
z_vel_initial = -4.021730779739071