gravity = 0.0
x_pos_initial = 96.24823900054943
y_pos_initial = 22.231834122426168
z_pos_initial = 76.33869957200255
x_vel_initial = 2.613466140870427
y_vel_initial = 3.087650865330829
z_vel_initial = 0.8339202636432859