gravity = 0.0
x_pos_initial = 30.197275049263006
y_pos_initial = 52.268005320412584
z_pos_initial = 21.58279980839531
x_vel_initial = 9.350571706459817
y_vel_initial = 1.614078183176721
z_vel_initial = 2.521387823324485