gravity = 0.0
x_pos_initial = 1.7762842948776394
y_pos_initial = 66.7683098333269
z_pos_initial = 42.18607755354297
x_vel_initial = 3.340160968684396
y_vel_initial = 2.493089677270989
z_vel_initial = 9.723901560954872
num_bounces = 3
