gravity = 0.5
x_pos_initial = 73.74487285583557
y_pos_initial = 19.19713394561436
z_pos_initial = 54.23231366814298
x_vel_initial = -2.9748905833278014
y_vel_initial = -0.06973904982256052
z_vel_initial = -6.034198476576442
num_bounces = 18
