gravity = 0.0
x_pos_initial = 42.908668672975246
y_pos_initial = 38.40067809207238
z_pos_initial = 82.06498830198457
x_vel_initial = -4.1343039504313275
y_vel_initial = -9.381804439489114
z_vel_initial = 2.450295079653781
num_bounces = 4
