gravity = 0.0
x_pos_initial = 91.02273880349007
y_pos_initial = 49.29331770279756
z_pos_initial = 90.66392971346961
x_vel_initial = -1.8234919605890418
y_vel_initial = -8.842276165843383
z_vel_initial = 4.638064123068105