gravity = 0.5
x_pos_initial = 20.409789001320945
y_pos_initial = 9.98404399687294
z_pos_initial = 86.2409245687971
x_vel_initial = -7.927037833564255
y_vel_initial = 1.5311903323288067
z_vel_initial = -3.9073893685278023
num_bounces = 15
