gravity = 0.0
x_pos_initial = 9.063179103014404
y_pos_initial = 59.08377998020046
z_pos_initial = 40.20943973069332
x_vel_initial = 7.723702223689351
y_vel_initial = -8.514968076921148
z_vel_initial = -9.536913705809338