gravity = 0.0
x_pos_initial = 84.19681540377358
y_pos_initial = 46.51193168307098
z_pos_initial = 70.4527910068243
x_vel_initial = -7.779247783421839
y_vel_initial = -7.972374339523773
z_vel_initial = -7.014837841055159