gravity = 0.0
x_pos_initial = 76.74627591011104
y_pos_initial = 10.14195225954033
z_pos_initial = 80.90046489867873
x_vel_initial = 4.900824694814526
y_vel_initial = -0.6198929818358678
z_vel_initial = -2.4424529707962677
num_bounces = 2
