gravity = 0.0
x_pos_initial = 87.88283574448786
y_pos_initial = 68.90498780048844
z_pos_initial = 2.9270729115639322
x_vel_initial = -3.7127412139630325
y_vel_initial = -9.885086343166991
z_vel_initial = 5.47120330510683
num_bounces = 1
