gravity = 0.0
x_pos_initial = 58.01793094222998
y_pos_initial = 67.2872856306239
z_pos_initial = 80.23400091727272
x_vel_initial = -5.614279395448464
y_vel_initial = 8.894704283640731
z_vel_initial = 4.438743065603189
num_bounces = 4
