gravity = 10.0
x_pos_initial = 98.64304891124792
y_pos_initial = 28.338215246059907
z_pos_initial = 60.851653856151714
x_vel_initial = -2.078111486391112
y_vel_initial = 7.685917612400786
z_vel_initial = -6.014691308740888
num_bounces = 4
