gravity = 0.0
x_pos_initial = 55.01929561900637
y_pos_initial = 52.603924685937244
z_pos_initial = 79.0277655363705
x_vel_initial = -1.276873672783264
y_vel_initial = -9.771464560020473
z_vel_initial = 9.512045626472087
num_bounces = 4
