gravity = 10.0
x_pos_initial = 24.612546873512787
y_pos_initial = 49.4689220565577
z_pos_initial = 54.07990736601103
x_vel_initial = -5.265804897612832
y_vel_initial = -7.50514334491549
z_vel_initial = 9.68806191953514