gravity = 0.0
x_pos_initial = 4.846408567384421
y_pos_initial = 57.77744704037193
z_pos_initial = 79.08563311981402
x_vel_initial = -6.480115373937156
y_vel_initial = -0.5694058140421756
z_vel_initial = 8.015628611635854