gravity = 0.0
x_pos_initial = 32.97551307751036
y_pos_initial = 40.611386904587086
z_pos_initial = 0.20082345957114256
x_vel_initial = 9.14909742547571
y_vel_initial = -4.348482530694726
z_vel_initial = 9.03002731859684