gravity = 0.5
x_pos_initial = 32.67631360661015
y_pos_initial = 99.21826935576222
z_pos_initial = 38.891036003212406
x_vel_initial = -0.7219663792725335
y_vel_initial = -5.154433770599649
z_vel_initial = -8.367196353750417