gravity = 0.0
x_pos_initial = 47.21494027291918
y_pos_initial = 21.48468747776475
z_pos_initial = 42.907172397107736
x_vel_initial = -9.634405440267873
y_vel_initial = 4.8616987833730665
z_vel_initial = -4.687445039644889