gravity = 0.0
x_pos_initial = 14.460886782675322
y_pos_initial = 32.0754620594162
z_pos_initial = 16.392534650488216
x_vel_initial = 0.7427130668237432
y_vel_initial = -9.712087449024782
z_vel_initial = 2.8361595059328017