gravity = 0.0
x_pos_initial = 37.864068787582326
y_pos_initial = 99.68554292375926
z_pos_initial = 82.01717959315832
x_vel_initial = 9.739161723283821
y_vel_initial = -8.021720300668335
z_vel_initial = -5.302620250887235
num_bounces = 3
