gravity = 0.0
x_pos_initial = 94.10501784446241
y_pos_initial = 67.0139339757387
z_pos_initial = 26.300429508667495
x_vel_initial = -4.596566673276998
y_vel_initial = 9.589943101231242
z_vel_initial = 0.6896210498244386