gravity = 0.5
x_pos_initial = 74.65870834952148
y_pos_initial = 7.036451964531678
z_pos_initial = 3.0476338893502555
x_vel_initial = 8.07444490744355
y_vel_initial = 5.2853968395125435
z_vel_initial = -2.1265519507915656