gravity = 0.0
x_pos_initial = 85.99139924439065
y_pos_initial = 65.51183143560627
z_pos_initial = 56.21743780492601
x_vel_initial = 6.056938107229197
y_vel_initial = 5.3503024128829
z_vel_initial = 9.977131568042235