gravity = 0.0
x_pos_initial = 58.44897784434791
y_pos_initial = 73.55434363725018
z_pos_initial = 21.30226114816282
x_vel_initial = -9.306208738788975
y_vel_initial = 2.532372378991983
z_vel_initial = -7.26006951724108
num_bounces = 4
