gravity = 10.0
x_pos_initial = 23.38074120071846
y_pos_initial = 11.439133749772912
z_pos_initial = 1.4337935520628662
x_vel_initial = 0.6305801408726381
y_vel_initial = -3.8065485290734067
z_vel_initial = 3.1749841001137415