gravity = 0.0
x_pos_initial = 7.914339404368608
y_pos_initial = 62.58897275790238
z_pos_initial = 36.67210020166074
x_vel_initial = -8.412464104348333
y_vel_initial = 5.543003283233354
z_vel_initial = -0.7804238811999973
num_bounces = 3
