gravity = 0.0
x_pos_initial = 87.21844495938967
y_pos_initial = 2.667433757038979
z_pos_initial = 18.52621128812628
x_vel_initial = 3.4153223791552136
y_vel_initial = -8.599274392006269
z_vel_initial = 8.832343317327538
num_bounces = 4
