gravity = 0.0
x_pos_initial = 0.3035685037519821
y_pos_initial = 0.4037293263846172
z_pos_initial = 85.54757477299178
x_vel_initial = -0.1736450943319099
y_vel_initial = 7.480469847152403
z_vel_initial = -5.602405840583857
num_bounces = 3
