gravity = 0.5
x_pos_initial = 36.93244183992223
y_pos_initial = 92.41310538840551
z_pos_initial = 70.49195674905157
x_vel_initial = -5.999543556237705
y_vel_initial = -7.016314798684178
z_vel_initial = 6.210505994177325
num_bounces = 21
