gravity = 0.5
x_pos_initial = 31.688230029395392
y_pos_initial = 96.09492354706973
z_pos_initial = 27.964816754098877
x_vel_initial = -0.1657487888589344
y_vel_initial = 2.592245621598858
z_vel_initial = -9.181578390330039