gravity = 0.5
x_pos_initial = 75.83243387891973
y_pos_initial = 50.93225588568953
z_pos_initial = 83.92678545752017
x_vel_initial = -6.0684245758685
y_vel_initial = 3.177794399547796
z_vel_initial = 8.062745312715869
num_bounces = 21
