gravity = 10.0
x_pos_initial = 40.39577841420218
y_pos_initial = 78.02392047070394
z_pos_initial = 28.162367395066056
x_vel_initial = 1.089155027885548
y_vel_initial = -0.2758944112286539
z_vel_initial = -7.951881564556345