gravity = 10.0
x_pos_initial = 8.65560490330733
y_pos_initial = 26.953633730372843
z_pos_initial = 82.28554570765654
x_vel_initial = -2.163088684188825
y_vel_initial = 2.6931626694897908
z_vel_initial = -5.211165227485397