gravity = 10.0
x_pos_initial = 3.2419267627845447
y_pos_initial = 51.99584421373254
z_pos_initial = 30.733021146533062
x_vel_initial = 3.3825541532075647
y_vel_initial = -5.993760072474924
z_vel_initial = -1.6112041223615652