gravity = 0.5
x_pos_initial = 66.7160709223313
y_pos_initial = 39.367024187138185
z_pos_initial = 42.75017806985077
x_vel_initial = 2.554306923382068
y_vel_initial = 6.309029991692736
z_vel_initial = -9.720044051091396