gravity = 0.5
x_pos_initial = 81.39310880213252
y_pos_initial = 14.148750928139721
z_pos_initial = 32.940686684050576
x_vel_initial = -6.814653235990411
y_vel_initial = -6.522006421815629
z_vel_initial = 2.499368594132088
num_bounces = 13
