gravity = 0.0
x_pos_initial = 71.31468224052007
y_pos_initial = 44.23375961881453
z_pos_initial = 74.56021293229047
x_vel_initial = 9.129978326502322
y_vel_initial = -4.9682928233787935
z_vel_initial = -9.904976111529283