gravity = 10.0
x_pos_initial = 63.42783261024778
y_pos_initial = 54.368963692323454
z_pos_initial = 26.37623334809541
x_vel_initial = -2.8834592746507424
y_vel_initial = -4.7860256062582724
z_vel_initial = 3.466936407892355