gravity = 0.5
x_pos_initial = 24.028121462072736
y_pos_initial = 17.03261915231956
z_pos_initial = 33.58170588971744
x_vel_initial = 4.055520023460762
y_vel_initial = -6.9840160147268495
z_vel_initial = 2.8205526430135563