gravity = 0.0
x_pos_initial = 45.361815760594965
y_pos_initial = 88.21892934910406
z_pos_initial = 78.95330236960851
x_vel_initial = 5.122170665248795
y_vel_initial = 8.48487289383355
z_vel_initial = -6.938564839423879