gravity = 0.5
x_pos_initial = 27.909389708794354
y_pos_initial = 97.96922660128998
z_pos_initial = 39.837589583013816
x_vel_initial = 2.3716769696337003
y_vel_initial = 6.192974117018117
z_vel_initial = 7.288760117887815
num_bounces = 19
