gravity = 0.0
x_pos_initial = 99.63640171898062
y_pos_initial = 53.20615775232864
z_pos_initial = 39.21610484676145
x_vel_initial = 4.183238233969234
y_vel_initial = 1.4320716689225126
z_vel_initial = 0.8630811803427321
num_bounces = 1
