gravity = 10.0
x_pos_initial = 85.41666218360237
y_pos_initial = 93.71067304012021
z_pos_initial = 18.687170316686466
x_vel_initial = -9.372296413586469
y_vel_initial = 6.754688307858967
z_vel_initial = 4.891372386567376