gravity = 0.0
x_pos_initial = 41.40062062383213
y_pos_initial = 0.5862814892754135
z_pos_initial = 2.461004726014586
x_vel_initial = 1.909223056235657
y_vel_initial = -7.682481050795937
z_vel_initial = -5.345751988852049