gravity = 0.5
x_pos_initial = 89.38269236811337
y_pos_initial = 95.24936325349194
z_pos_initial = 35.671481443857246
x_vel_initial = 1.454277782673941
y_vel_initial = -8.268255246472984
z_vel_initial = 0.7598712614163503
num_bounces = 20
