gravity = 10.0
x_pos_initial = 83.60533261217441
y_pos_initial = 65.23861659884568
z_pos_initial = 50.61348553119099
x_vel_initial = 9.818305148675591
y_vel_initial = 5.6813898366639854
z_vel_initial = 7.0126303397787915