gravity = 0.0
x_pos_initial = 45.784304667844566
y_pos_initial = 12.282837512163574
z_pos_initial = 27.60239724181057
x_vel_initial = 1.4443820627366861
y_vel_initial = -1.461915915309131
z_vel_initial = -6.16043637247204