gravity = 10.0
x_pos_initial = 88.20996866933744
y_pos_initial = 41.127655877934195
z_pos_initial = 94.2997318150791
x_vel_initial = -7.260182896957506
y_vel_initial = -1.2389651986391268
z_vel_initial = 4.3105319075489525