gravity = 0.0
x_pos_initial = 33.29227724500468
y_pos_initial = 10.90955000521888
z_pos_initial = 25.53558948959528
x_vel_initial = 3.733753173105704
y_vel_initial = -9.334029234874114
z_vel_initial = 3.7440200596779167
num_bounces = 3
