gravity = 0.0
x_pos_initial = 75.77513985479773
y_pos_initial = 14.430727776195498
z_pos_initial = 31.96410730029321
x_vel_initial = -0.05036942238995579
y_vel_initial = -6.815758650732098
z_vel_initial = 1.3963401687402506