gravity = 0.0
x_pos_initial = 36.19014805125122
y_pos_initial = 18.47268778308277
z_pos_initial = 52.77220778390083
x_vel_initial = -6.822766123396753
y_vel_initial = -7.738606347036816
z_vel_initial = 2.7832659537726663