gravity = 10.0
x_pos_initial = 44.10037333743405
y_pos_initial = 77.65724967027545
z_pos_initial = 13.737486457695692
x_vel_initial = 3.8767918473973797
y_vel_initial = -3.9502576073584557
z_vel_initial = -4.4228839640311675
num_bounces = 6
