gravity = 0.0
x_pos_initial = 61.47027563798621
y_pos_initial = 46.3470792707031
z_pos_initial = 93.14506568486914
x_vel_initial = 4.998866148206787
y_vel_initial = 5.740162882235218
z_vel_initial = -8.906563593859515