gravity = 0.5
x_pos_initial = 28.936393195811142
y_pos_initial = 88.20834378803984
z_pos_initial = 73.41187824371141
x_vel_initial = 2.1203029430246048
y_vel_initial = -4.095294524448672
z_vel_initial = -1.5741857427296218
num_bounces = 17
