gravity = 0.0
x_pos_initial = 89.03821366799228
y_pos_initial = 42.55167670627099
z_pos_initial = 88.15913406079342
x_vel_initial = -5.04788091407189
y_vel_initial = 7.786764179221137
z_vel_initial = 0.8475826580487933
num_bounces = 3
