gravity = 0.0
x_pos_initial = 86.02159991481123
y_pos_initial = 48.61594283018965
z_pos_initial = 27.641103171234427
x_vel_initial = -0.8268612659790673
y_vel_initial = -7.072911820481135
z_vel_initial = -6.318449306444652