gravity = 0.5
x_pos_initial = 91.51938837201168
y_pos_initial = 60.530596724829294
z_pos_initial = 89.33134813080567
x_vel_initial = -5.751851015970261
y_vel_initial = -7.684854820025812
z_vel_initial = -9.733424402605804