gravity = 0.0
x_pos_initial = 50.655874168809056
y_pos_initial = 49.360502303049344
z_pos_initial = 62.68591915374303
x_vel_initial = -4.261283138449762
y_vel_initial = -2.1110465069512125
z_vel_initial = 8.315701717142794
num_bounces = 3
