gravity = 10.0
x_pos_initial = 9.944781187881716
y_pos_initial = 45.345493374023185
z_pos_initial = 37.982548445823305
x_vel_initial = 7.7894570996461105
y_vel_initial = 3.825026508391179
z_vel_initial = 7.7036891895593875
num_bounces = 7
