gravity = 0.0
x_pos_initial = 39.188886722042305
y_pos_initial = 38.4425650492825
z_pos_initial = 5.020011538180124
x_vel_initial = -4.821420941806774
y_vel_initial = 6.596365957187956
z_vel_initial = -6.578271284519075