gravity = 10.0
x_pos_initial = 70.72448250426608
y_pos_initial = 84.89793365948451
z_pos_initial = 98.88101171766306
x_vel_initial = -4.781432076319735
y_vel_initial = 9.880952303708995
z_vel_initial = -9.242203801889