gravity = 0.0
x_pos_initial = 59.41974408476054
y_pos_initial = 74.27990704461973
z_pos_initial = 38.13878870319964
x_vel_initial = 4.927930792423446
y_vel_initial = 8.161678883845628
z_vel_initial = 7.624182284806977