gravity = 0.0
x_pos_initial = 96.78652115672519
y_pos_initial = 17.45831858220288
z_pos_initial = 74.65629832923813
x_vel_initial = 1.255181684699373
y_vel_initial = -8.405898030417179
z_vel_initial = -3.873614509941981
num_bounces = 3
