gravity = 0.0
x_pos_initial = 46.468337220104154
y_pos_initial = 98.96870495117055
z_pos_initial = 9.57657122666852
x_vel_initial = 5.252436054641278
y_vel_initial = 2.109256128154355
z_vel_initial = 8.376689905811986
num_bounces = 3
