gravity = 0.5
x_pos_initial = 62.127241906826065
y_pos_initial = 58.000966545586074
z_pos_initial = 74.0689993894786
x_vel_initial = -3.25108756712613
y_vel_initial = 4.613645640754024
z_vel_initial = 4.521317168295354