gravity = 0.5
x_pos_initial = 19.48042696634367
y_pos_initial = 49.53936608904797
z_pos_initial = 82.10835894964129
x_vel_initial = -4.557444542826196
y_vel_initial = 9.688517709140328
z_vel_initial = -5.788532867580298