gravity = 10.0
x_pos_initial = 40.43404094091862
y_pos_initial = 66.84581105508845
z_pos_initial = 53.91744109945117
x_vel_initial = -3.006835637989746
y_vel_initial = -5.891172302194113
z_vel_initial = 4.61435603891087