gravity = 10.0
x_pos_initial = 17.912865415813336
y_pos_initial = 18.422317846386296
z_pos_initial = 16.295944857367786
x_vel_initial = 7.446117243288679
y_vel_initial = 3.365932384345488
z_vel_initial = 7.099827071339313