gravity = 0.0
x_pos_initial = 28.893764463234728
y_pos_initial = 89.92478928013118
z_pos_initial = 15.157432604546653
x_vel_initial = 6.913630677894865
y_vel_initial = 4.579648431172508
z_vel_initial = -1.5858304156915075