gravity = 0.5
x_pos_initial = 84.42926110221913
y_pos_initial = 96.85832555194308
z_pos_initial = 49.989438939622495
x_vel_initial = 7.151464568882005
y_vel_initial = -6.726705963321325
z_vel_initial = -0.7944185771175043
num_bounces = 20
