gravity = 0.0
x_pos_initial = 85.6574012436801
y_pos_initial = 35.24492233555145
z_pos_initial = 21.955123809389818
x_vel_initial = -1.5177177311568002
y_vel_initial = 6.8256378341355735
z_vel_initial = 1.9426870672004863
num_bounces = 1
