gravity = 0.0
x_pos_initial = 81.76953521949878
y_pos_initial = 3.1884360300514123
z_pos_initial = 40.10951733532374
x_vel_initial = -1.9084745395689886
y_vel_initial = 2.4302009731241956
z_vel_initial = -1.0966330408277045