gravity = 10.0
x_pos_initial = 17.609204664216183
y_pos_initial = 89.49123506945075
z_pos_initial = 0.9797258259669226
x_vel_initial = -3.8783026150215703
y_vel_initial = -5.869771281420869
z_vel_initial = -1.4298667970327976