gravity = 0.0
x_pos_initial = 99.22180244289828
y_pos_initial = 26.6043592010553
z_pos_initial = 24.78793106803983
x_vel_initial = -6.327479563859752
y_vel_initial = -9.935633931644096
z_vel_initial = -4.02199214507942