gravity = 0.0
x_pos_initial = 39.6482408275207
y_pos_initial = 76.04189349376469
z_pos_initial = 35.203268962590904
x_vel_initial = -9.829438428042524
y_vel_initial = -8.145774337041251
z_vel_initial = 5.547460225604594