gravity = 0.0
x_pos_initial = 29.64371252039202
y_pos_initial = 9.881454816267444
z_pos_initial = 73.63273120099754
x_vel_initial = -8.25664063365153
y_vel_initial = 9.351865455130671
z_vel_initial = 7.678276065013545
num_bounces = 5
