gravity = 0.0
x_pos_initial = 21.518803755160018
y_pos_initial = 13.032514070436026
z_pos_initial = 7.800441541182374
x_vel_initial = -0.6626483743894998
y_vel_initial = -3.656768768999843
z_vel_initial = 3.9968929489182816
num_bounces = 1
