gravity = 0.0
x_pos_initial = 86.28186186846932
y_pos_initial = 88.51990805083605
z_pos_initial = 51.42698728850389
x_vel_initial = -4.129323139940554
y_vel_initial = -5.46046772320272
z_vel_initial = -2.648139151978766