gravity = 0.0
x_pos_initial = 48.02425640975012
y_pos_initial = 70.41308359879811
z_pos_initial = 45.87034448766056
x_vel_initial = 6.683994884574162
y_vel_initial = -7.184350617101494
z_vel_initial = -5.262453952580684
num_bounces = 3
