gravity = 10.0
x_pos_initial = 59.965159774853525
y_pos_initial = 4.363221719232397
z_pos_initial = 53.43618029906358
x_vel_initial = 1.1939627916040312
y_vel_initial = 5.6295736285446765
z_vel_initial = -0.7351630584949778
num_bounces = 1
