gravity = 0.0
x_pos_initial = 57.69085015547814
y_pos_initial = 62.271449989674075
z_pos_initial = 86.17190744442921
x_vel_initial = -3.8793566587375885
y_vel_initial = -6.179274727010508
z_vel_initial = 3.6769230679823934