gravity = 0.0
x_pos_initial = 95.8480620219262
y_pos_initial = 62.536567101476344
z_pos_initial = 45.41903358561766
x_vel_initial = 3.994456751924666
y_vel_initial = 4.6018889271510925
z_vel_initial = 8.440365212269963