gravity = 0.5
x_pos_initial = 13.856503519977105
y_pos_initial = 12.647509632557847
z_pos_initial = 87.78846727243345
x_vel_initial = 5.367702868294755
y_vel_initial = 5.250057258127397
z_vel_initial = 5.650303094903979
num_bounces = 16
