gravity = 0.0
x_pos_initial = 86.83279115274134
y_pos_initial = 95.60853564280694
z_pos_initial = 24.519347919125043
x_vel_initial = -4.292143930566736
y_vel_initial = 9.295095626290667
z_vel_initial = 3.62608930134175