gravity = 10.0
x_pos_initial = 2.866209968710778
y_pos_initial = 47.060221789418335
z_pos_initial = 19.49591431507118
x_vel_initial = -4.30941689146398
y_vel_initial = -1.7609820358781239
z_vel_initial = -8.019664051089167
num_bounces = 8
