gravity = 0.5
x_pos_initial = 9.022589714996906
y_pos_initial = 57.369095121231304
z_pos_initial = 90.86367855123413
x_vel_initial = -2.385502226021485
y_vel_initial = -0.8931797958444605
z_vel_initial = 2.662761287524342