gravity = 10.0
x_pos_initial = 40.881471349502114
y_pos_initial = 74.76349466733022
z_pos_initial = 5.904969047738932
x_vel_initial = 2.622417244501971
y_vel_initial = 6.850727424128905
z_vel_initial = 5.132933544301174