gravity = 0.0
x_pos_initial = 34.4853956864646
y_pos_initial = 52.770311401635276
z_pos_initial = 26.249865046691944
x_vel_initial = -2.516412972229535
y_vel_initial = 8.066947832660713
z_vel_initial = -3.2141617206927107
num_bounces = 3
