gravity = 0.5
x_pos_initial = 35.889143891074546
y_pos_initial = 16.71002895649099
z_pos_initial = 11.319446425644346
x_vel_initial = 4.683685031764014
y_vel_initial = 6.131827838905377
z_vel_initial = -3.610285906922158