gravity = 0.5
x_pos_initial = 65.4033475649057
y_pos_initial = 41.95657551143412
z_pos_initial = 30.387359076087343
x_vel_initial = -9.48188822659797
y_vel_initial = -5.487823567977356
z_vel_initial = -4.6069126641145886
num_bounces = 18
