gravity = 0.0
x_pos_initial = 91.04035344039568
y_pos_initial = 73.97814517019843
z_pos_initial = 28.433663406038768
x_vel_initial = 0.49095381432255714
y_vel_initial = 2.792922541339351
z_vel_initial = 8.931212688244791
num_bounces = 3
