gravity = 10.0
x_pos_initial = 63.4856267543935
y_pos_initial = 80.37728119824686
z_pos_initial = 4.727523407828035
x_vel_initial = 7.371623070344505
y_vel_initial = 2.7807157995581253
z_vel_initial = -9.052840661744144
num_bounces = 9
