gravity = 10.0
x_pos_initial = 22.280065908080168
y_pos_initial = 23.44473152021569
z_pos_initial = 96.71892962455671
x_vel_initial = -2.0210463636518696
y_vel_initial = -2.4281539792813405
z_vel_initial = 5.223227713844729