gravity = 0.0
x_pos_initial = 5.471203497052743
y_pos_initial = 59.92867017894369
z_pos_initial = 62.16206897235669
x_vel_initial = -9.214997458487272
y_vel_initial = -9.283405284933052
z_vel_initial = 8.103793442571682
num_bounces = 4
