gravity = 10.0
x_pos_initial = 13.18352535235873
y_pos_initial = 86.75039800616847
z_pos_initial = 11.43024165146015
x_vel_initial = 9.060117824593117
y_vel_initial = -3.847095949763167
z_vel_initial = -5.480505001906241