gravity = 0.0
x_pos_initial = 27.978741488954736
y_pos_initial = 79.25721046584708
z_pos_initial = 21.08568246407354
x_vel_initial = -7.569084315525153
y_vel_initial = -8.043335010912216
z_vel_initial = 5.859741510862438
num_bounces = 4
