gravity = 0.0
x_pos_initial = 98.18837126565562
y_pos_initial = 0.10684997897231052
z_pos_initial = 67.54172255117392
x_vel_initial = -0.5018486744783477
y_vel_initial = -8.00463151610889
z_vel_initial = 2.1687480636618517
num_bounces = 3
