gravity = 0.0
x_pos_initial = 71.66438158582693
y_pos_initial = 46.406120439089506
z_pos_initial = 6.17566238458044
x_vel_initial = -5.748436384241472
y_vel_initial = 9.807013727222213
z_vel_initial = -5.6076735652374285
num_bounces = 4
