gravity = 10.0
x_pos_initial = 61.00370530334021
y_pos_initial = 94.37045718566252
z_pos_initial = 84.91125685399814
x_vel_initial = 2.996257518760167
y_vel_initial = -7.28421275324043
z_vel_initial = 7.655306572983157
num_bounces = 7
