gravity = 10.0
x_pos_initial = 68.90374618144052
y_pos_initial = 27.355928381933406
z_pos_initial = 6.9910749554977185
x_vel_initial = -2.218391852971278
y_vel_initial = 8.412195916814415
z_vel_initial = 0.9609559945318278
num_bounces = 3
