gravity = 0.5
x_pos_initial = 8.234772197062004
y_pos_initial = 85.26553120524792
z_pos_initial = 37.772713008710404
x_vel_initial = 0.4282931511806005
y_vel_initial = 0.42773043179249903
z_vel_initial = 9.518416522671803