gravity = 0.0
x_pos_initial = 36.472322003579066
y_pos_initial = 7.993713001411226
z_pos_initial = 59.40108610166382
x_vel_initial = 7.283514714036201
y_vel_initial = 4.419678569197613
z_vel_initial = 8.537253488921504