gravity = 10.0
x_pos_initial = 60.255822861151835
y_pos_initial = 20.603472622987237
z_pos_initial = 80.71831516311765
x_vel_initial = 5.999659748991782
y_vel_initial = 9.922776991393754
z_vel_initial = -7.057354380168977