gravity = 0.0
x_pos_initial = 61.29103433375628
y_pos_initial = 20.350064298347668
z_pos_initial = 73.1835920886482
x_vel_initial = 7.778428806429691
y_vel_initial = -7.879130709186661
z_vel_initial = 5.32001716342527
num_bounces = 4
