gravity = 0.5
x_pos_initial = 10.41367042091471
y_pos_initial = 98.34986863234091
z_pos_initial = 42.76861572520953
x_vel_initial = -2.4105633771984323
y_vel_initial = 4.770981062838349
z_vel_initial = -1.7277607312213341
num_bounces = 19
