gravity = 0.5
x_pos_initial = 2.453808007960384
y_pos_initial = 50.148490269674966
z_pos_initial = 37.711952999292336
x_vel_initial = -0.4486882525406042
y_vel_initial = 2.9207287924748364
z_vel_initial = 8.583741374598851