gravity = 10.0
x_pos_initial = 30.473026853567312
y_pos_initial = 27.488380026047736
z_pos_initial = 98.36018171214182
x_vel_initial = 1.8890464822951554
y_vel_initial = -5.900922415410398
z_vel_initial = 6.785781970833391
num_bounces = 5
