gravity = 0.0
x_pos_initial = 80.4257414465152
y_pos_initial = 33.37858474882023
z_pos_initial = 63.14467418871671
x_vel_initial = -8.657785126449241
y_vel_initial = 3.2051571001855095
z_vel_initial = 4.11570116865871