gravity = 0.0
x_pos_initial = 35.18368617203962
y_pos_initial = 98.2966196531852
z_pos_initial = 70.80390583744105
x_vel_initial = 8.755294840220845
y_vel_initial = 3.8097164274280466
z_vel_initial = -6.7593728465961895
num_bounces = 3
