gravity = 10.0
x_pos_initial = 9.123750437598881
y_pos_initial = 93.18042136208733
z_pos_initial = 80.39797509489357
x_vel_initial = 7.953220491515534
y_vel_initial = 7.357913134482715
z_vel_initial = -3.9596851912931106
num_bounces = 7
