gravity = 10.0
x_pos_initial = 49.50840150773203
y_pos_initial = 35.3573060527212
z_pos_initial = 25.34174477693441
x_vel_initial = 8.733927535923979
y_vel_initial = -0.1273291264611629
z_vel_initial = -3.0747097695796466
num_bounces = 7
