gravity = 0.5
x_pos_initial = 19.39263763087338
y_pos_initial = 56.31594597904004
z_pos_initial = 46.24981775030585
x_vel_initial = 3.466301944464469
y_vel_initial = -0.7998142229397409
z_vel_initial = 3.585930208666575
num_bounces = 22
