gravity = 10.0
x_pos_initial = 89.20801348993315
y_pos_initial = 19.458092577162382
z_pos_initial = 38.54733748978601
x_vel_initial = 3.076652994943098
y_vel_initial = -2.7100693785035403
z_vel_initial = -5.2221812030194235