gravity = 10.0
x_pos_initial = 88.73223248977469
y_pos_initial = 52.9864155142083
z_pos_initial = 47.776069082416505
x_vel_initial = -7.502853582066141
y_vel_initial = -4.102609260620984
z_vel_initial = 7.236873358014481
num_bounces = 7
