gravity = 0.0
x_pos_initial = 78.65654820450634
y_pos_initial = 12.40648434112235
z_pos_initial = 87.2254934645505
x_vel_initial = 5.357742426454079
y_vel_initial = 8.233239495205321
z_vel_initial = -9.033143360393643