gravity = 0.0
x_pos_initial = 98.1560676884777
y_pos_initial = 4.391025416315605
z_pos_initial = 35.90305344810452
x_vel_initial = -1.9548129136385235
y_vel_initial = -4.920700481155647
z_vel_initial = -5.214881201822816