gravity = 10.0
x_pos_initial = 45.18863484140261
y_pos_initial = 45.143794921693186
z_pos_initial = 68.02814533622137
x_vel_initial = 5.23959590643703
y_vel_initial = -6.080546142514313
z_vel_initial = -8.7058380750671