gravity = 10.0
x_pos_initial = 29.935009288515356
y_pos_initial = 57.986652442438455
z_pos_initial = 73.07487856778064
x_vel_initial = -3.3761203667769095
y_vel_initial = 8.182923227684036
z_vel_initial = 6.617615801968881
num_bounces = 8
