gravity = 0.5
x_pos_initial = 30.38086638480398
y_pos_initial = 35.60000702697843
z_pos_initial = 12.722032635326968
x_vel_initial = 2.127425014304137
y_vel_initial = 6.003140499628238
z_vel_initial = 1.339315101264658