gravity = 0.0
x_pos_initial = 40.09713250562444
y_pos_initial = 37.73937455839138
z_pos_initial = 17.716562958360804
x_vel_initial = -3.3792994060044403
y_vel_initial = -5.827024664530389
z_vel_initial = -3.0249065301963904
num_bounces = 3
