gravity = 10.0
x_pos_initial = 68.5224933164727
y_pos_initial = 1.352516012271472
z_pos_initial = 19.933913658267585
x_vel_initial = 5.535208070456589
y_vel_initial = -0.14966918594043577
z_vel_initial = 6.004083203335885