gravity = 0.0
x_pos_initial = 29.058267933146485
y_pos_initial = 53.68042082621793
z_pos_initial = 94.51273431908459
x_vel_initial = 6.730837563339659
y_vel_initial = 6.076543914664235
z_vel_initial = 3.2665040630535014