gravity = 0.0
x_pos_initial = 13.878407734181819
y_pos_initial = 85.31603908699633
z_pos_initial = 58.09101200164252
x_vel_initial = 9.143512449638383
y_vel_initial = 3.550088620039544
z_vel_initial = -3.9152794590920443
num_bounces = 3
