gravity = 10.0
x_pos_initial = 10.080716907142762
y_pos_initial = 3.6582120349666694
z_pos_initial = 75.49048960627242
x_vel_initial = 1.5430237880353417
y_vel_initial = -3.819955485676248
z_vel_initial = 9.708466051213723
num_bounces = 3
