gravity = 10.0
x_pos_initial = 43.84357035044711
y_pos_initial = 60.2127312753496
z_pos_initial = 37.623724314073776
x_vel_initial = 0.3018827304801306
y_vel_initial = -3.751441949152021
z_vel_initial = 0.23041158960239905
num_bounces = 4
