gravity = 0.0
x_pos_initial = 6.445983077340674
y_pos_initial = 13.965741608503642
z_pos_initial = 15.990483053266582
x_vel_initial = -1.186400135633777
y_vel_initial = -9.988673898234213
z_vel_initial = -7.577493902254723