gravity = 0.0
x_pos_initial = 78.94255791122474
y_pos_initial = 64.9668256319166
z_pos_initial = 72.75290147265301
x_vel_initial = 3.281657432705405
y_vel_initial = -5.351856490664024
z_vel_initial = 2.384028366676576
num_bounces = 3
