gravity = 0.0
x_pos_initial = 20.661534569122274
y_pos_initial = 48.456432619830004
z_pos_initial = 87.03932968640733
x_vel_initial = 1.1374517563480122
y_vel_initial = 0.9622108640239677
z_vel_initial = 7.773343460533365
num_bounces = 2
