gravity = 0.0
x_pos_initial = 23.162324787846245
y_pos_initial = 96.15054260110718
z_pos_initial = 7.27082739090122
x_vel_initial = -8.575979641564421
y_vel_initial = 7.692656517825284
z_vel_initial = 6.151342839296245
num_bounces = 5
