gravity = 10.0
x_pos_initial = 49.87701142635764
y_pos_initial = 56.566383261723004
z_pos_initial = 2.841811863075802
x_vel_initial = -5.582890939465325
y_vel_initial = 8.601075954660427
z_vel_initial = -3.514208706341365
num_bounces = 7
