gravity = 0.0
x_pos_initial = 76.35748283772591
y_pos_initial = 11.193113704276179
z_pos_initial = 3.8083891148377402
x_vel_initial = 6.652835104490617
y_vel_initial = 0.7423253367531117
z_vel_initial = 0.3614617736486849