gravity = 0.5
x_pos_initial = 9.589355358751376
y_pos_initial = 69.20606356432373
z_pos_initial = 25.54076119148341
x_vel_initial = -3.7859821967586536
y_vel_initial = 5.862888251585929
z_vel_initial = -6.207997265266239
num_bounces = 22
