gravity = 0.5
x_pos_initial = 73.57541038485935
y_pos_initial = 25.276391478383296
z_pos_initial = 9.998337514140527
x_vel_initial = 9.609821551339053
y_vel_initial = 9.6844521495114
z_vel_initial = 4.982089149136222