gravity = 0.0
x_pos_initial = 52.14903837073531
y_pos_initial = 3.6175383488348163
z_pos_initial = 63.246459200865154
x_vel_initial = 9.80346210156533
y_vel_initial = 2.288744694164082
z_vel_initial = -1.9193262671840916