gravity = 0.0
x_pos_initial = 75.25011981593352
y_pos_initial = 99.00487436129409
z_pos_initial = 85.30617358411489
x_vel_initial = 0.5973172298432736
y_vel_initial = -9.172793658249846
z_vel_initial = 8.875704001238958