gravity = 10.0
x_pos_initial = 87.8262199124441
y_pos_initial = 74.9559991127364
z_pos_initial = 8.831325149857427
x_vel_initial = 5.417267505726876
y_vel_initial = -5.380216183470797
z_vel_initial = 1.078258437026662