gravity = 0.0
x_pos_initial = 27.024224382287727
y_pos_initial = 45.56993437470191
z_pos_initial = 74.5143424216555
x_vel_initial = -4.057792419531232
y_vel_initial = -8.276112086164002
z_vel_initial = -3.208931409628004
num_bounces = 2
