gravity = 0.0
x_pos_initial = 80.56660331310485
y_pos_initial = 29.409748359670274
z_pos_initial = 61.11738504548625
x_vel_initial = 9.204417619980575
y_vel_initial = -8.583887588307991
z_vel_initial = 8.924825298546132