gravity = 0.5
x_pos_initial = 80.32548220158785
y_pos_initial = 90.86420710715066
z_pos_initial = 50.67289585151362
x_vel_initial = -1.8954208488885431
y_vel_initial = -7.104658302221224
z_vel_initial = -4.497571577377272
num_bounces = 20
