gravity = 0.0
x_pos_initial = 49.060771046420804
y_pos_initial = 41.38589213572272
z_pos_initial = 16.953160891002693
x_vel_initial = 0.2792937190803926
y_vel_initial = -6.459469909457243
z_vel_initial = -7.212037093693219
num_bounces = 3
