gravity = 0.5
x_pos_initial = 55.92998808528646
y_pos_initial = 2.7056327705577674
z_pos_initial = 39.808085901556446
x_vel_initial = -9.754351857076326
y_vel_initial = 1.991847472710063
z_vel_initial = 9.597780349493707