gravity = 0.0
x_pos_initial = 48.86176964589757
y_pos_initial = 29.248422630147417
z_pos_initial = 27.459976513760846
x_vel_initial = 2.440533036643231
y_vel_initial = -0.4379197706793061
z_vel_initial = -9.59767036265178