gravity = 0.0
x_pos_initial = 91.5847086544174
y_pos_initial = 53.022485247839825
z_pos_initial = 46.552322241693545
x_vel_initial = 7.629275569565188
y_vel_initial = 8.500744596807156
z_vel_initial = -6.307179123984808
num_bounces = 4
