gravity = 0.0
x_pos_initial = 25.83434004064181
y_pos_initial = 16.9477148225424
z_pos_initial = 88.38374516189486
x_vel_initial = 4.08060810985905
y_vel_initial = -8.776716467276046
z_vel_initial = 1.0427421822636518