gravity = 0.0
x_pos_initial = 57.66334506278178
y_pos_initial = 66.47126725094996
z_pos_initial = 11.125217011784036
x_vel_initial = 6.854887753799343
y_vel_initial = 1.8274244917988156
z_vel_initial = 0.811125557540116
num_bounces = 2
