gravity = 0.0
x_pos_initial = 20.385868499395958
y_pos_initial = 94.85841241640148
z_pos_initial = 48.354876470839855
x_vel_initial = -9.719451133908061
y_vel_initial = -3.636210664062923
z_vel_initial = 2.9755666909477014