gravity = 0.0
x_pos_initial = 49.15461786645472
y_pos_initial = 1.9962350548824814
z_pos_initial = 3.0728449135621214
x_vel_initial = 8.113660375648479
y_vel_initial = -2.156763869106366
z_vel_initial = -5.60458494154135