gravity = 0.0
x_pos_initial = 38.06061504553851
y_pos_initial = 27.714040629482916
z_pos_initial = 69.16672227970462
x_vel_initial = 3.567926218863205
y_vel_initial = -4.884446862139061
z_vel_initial = 4.640091463370821