gravity = 0.5
x_pos_initial = 49.42087216187719
y_pos_initial = 6.242453419564254
z_pos_initial = 20.652578312547096
x_vel_initial = 6.74696015965262
y_vel_initial = -7.685601784150273
z_vel_initial = -7.353797891206444
num_bounces = 12
