gravity = 0.0
x_pos_initial = 97.02071102888705
y_pos_initial = 0.05643041928204506
z_pos_initial = 3.913502389665636
x_vel_initial = -3.026636709654296
y_vel_initial = 8.981689562487439
z_vel_initial = 8.259196353797137
num_bounces = 2
