gravity = 0.0
x_pos_initial = 56.71539507353075
y_pos_initial = 42.36578876179875
z_pos_initial = 46.54113549968348
x_vel_initial = -8.982302850591807
y_vel_initial = 9.91155452809825
z_vel_initial = -4.2635694274446045