gravity = 0.0
x_pos_initial = 63.66413602343603
y_pos_initial = 8.074947666022444
z_pos_initial = 42.383826174554194
x_vel_initial = 0.1461679944260137
y_vel_initial = 8.936346974955967
z_vel_initial = 6.667203545375418