gravity = 0.5
x_pos_initial = 3.881112924497377
y_pos_initial = 76.62968514668744
z_pos_initial = 62.50926360792374
x_vel_initial = -9.078059335917878
y_vel_initial = 5.54325105778541
z_vel_initial = -4.79587671033379