gravity = 0.0
x_pos_initial = 98.04385511356942
y_pos_initial = 65.65391079990452
z_pos_initial = 89.61399428207861
x_vel_initial = -8.346746759147006
y_vel_initial = -4.479121412922925
z_vel_initial = -8.877068329862158
num_bounces = 3
