gravity = 0.5
x_pos_initial = 61.33583708587745
y_pos_initial = 36.78560557451783
z_pos_initial = 27.198208337948124
x_vel_initial = 6.839608161506369
y_vel_initial = -7.490384390220768
z_vel_initial = 7.414872308270116