gravity = 0.0
x_pos_initial = 63.24445424480209
y_pos_initial = 44.36410851650907
z_pos_initial = 28.549130468581243
x_vel_initial = -0.21487649794850405
y_vel_initial = -8.549324060459714
z_vel_initial = -0.8947419145688809