gravity = 10.0
x_pos_initial = 23.51564232022583
y_pos_initial = 11.648445624314286
z_pos_initial = 77.98657827900462
x_vel_initial = -0.5567960088732082
y_vel_initial = 1.1317450629970232
z_vel_initial = 7.905963252584673
num_bounces = 5
