gravity = 0.0
x_pos_initial = 42.01583374441616
y_pos_initial = 10.415036605332379
z_pos_initial = 36.575650725201406
x_vel_initial = -1.3183345424347372
y_vel_initial = -6.647305745382581
z_vel_initial = -1.8546440206127794
num_bounces = 2
