gravity = 10.0
x_pos_initial = 82.61056471523904
y_pos_initial = 70.00802348335468
z_pos_initial = 75.0764684503331
x_vel_initial = -7.652809701088369
y_vel_initial = 6.627012917491193
z_vel_initial = 5.098741873033976
num_bounces = 8
