gravity = 0.0
x_pos_initial = 6.246682236148385
y_pos_initial = 89.08424183750866
z_pos_initial = 85.94390862819924
x_vel_initial = 2.899321007787467
y_vel_initial = -7.452527443037248
z_vel_initial = -4.45981327903727