gravity = 0.5
x_pos_initial = 53.80371976628749
y_pos_initial = 56.19342520405504
z_pos_initial = 58.53813472592964
x_vel_initial = 0.05840259290681615
y_vel_initial = 1.5154406529516873
z_vel_initial = -6.775359289835847
num_bounces = 17
