gravity = 0.0
x_pos_initial = 17.556535917899396
y_pos_initial = 14.347023070865381
z_pos_initial = 50.111329785520276
x_vel_initial = 7.527349517182227
y_vel_initial = 1.757261220569326
z_vel_initial = 7.521496192676164