gravity = 0.0
x_pos_initial = 3.781077866851102
y_pos_initial = 7.734955451434859
z_pos_initial = 90.44988996320853
x_vel_initial = 0.03963684505154319
y_vel_initial = -6.527603973790741
z_vel_initial = -4.9294549423979355
num_bounces = 2
