gravity = 0.0
x_pos_initial = 31.130630947015995
y_pos_initial = 72.16750533255112
z_pos_initial = 67.48335394397522
x_vel_initial = -3.135512340472374
y_vel_initial = -3.748471532487997
z_vel_initial = 7.534671257452015
num_bounces = 2
