gravity = 0.5
x_pos_initial = 81.72117076130509
y_pos_initial = 84.62257662564573
z_pos_initial = 6.756382948823594
x_vel_initial = -8.87573656939293
y_vel_initial = 5.644464660474492
z_vel_initial = -3.8487693633774773
num_bounces = 23
