gravity = 0.5
x_pos_initial = 47.192072723750385
y_pos_initial = 22.72114474012116
z_pos_initial = 5.822466746041942
x_vel_initial = 7.435444853778197
y_vel_initial = 2.5621360881692983
z_vel_initial = -6.223596423205999
num_bounces = 19
