gravity = 0.0
x_pos_initial = 51.005386456001666
y_pos_initial = 45.21256348589006
z_pos_initial = 54.16052935393893
x_vel_initial = 1.837182921796403
y_vel_initial = 2.024909715777653
z_vel_initial = -1.730189735132031