gravity = 10.0
x_pos_initial = 65.77161234560397
y_pos_initial = 90.30212331420046
z_pos_initial = 8.022463378592054
x_vel_initial = -5.827427911424626
y_vel_initial = 0.049113047718272185
z_vel_initial = -3.4827773493743592