gravity = 10.0
x_pos_initial = 64.81136602673635
y_pos_initial = 72.86415165281454
z_pos_initial = 35.481337866482285
x_vel_initial = 9.455020272715313
y_vel_initial = 7.8628832792975025
z_vel_initial = 1.2707405332912813
num_bounces = 8
