gravity = 10.0
x_pos_initial = 83.61388951003075
y_pos_initial = 42.53670104277597
z_pos_initial = 41.067110180669246
x_vel_initial = -3.6977123294828225
y_vel_initial = -9.991219720842174
z_vel_initial = -3.447176444344181