gravity = 0.5
x_pos_initial = 0.7153811969459327
y_pos_initial = 79.0596752450755
z_pos_initial = 67.43595849935411
x_vel_initial = 1.2095809984208827
y_vel_initial = -6.059081452862904
z_vel_initial = -2.516830948445138