gravity = 0.5
x_pos_initial = 65.5757050931106
y_pos_initial = 5.420722542116635
z_pos_initial = 64.73250696224639
x_vel_initial = 1.1024312300787287
y_vel_initial = 6.531917566860368
z_vel_initial = 2.777775733869042
num_bounces = 9
