gravity = 0.5
x_pos_initial = 44.724902387136275
y_pos_initial = 81.05489113289607
z_pos_initial = 38.24938988870265
x_vel_initial = 3.9217891273783643
y_vel_initial = 2.4117960402504846
z_vel_initial = -3.466810266060204