gravity = 10.0
x_pos_initial = 61.22308378876694
y_pos_initial = 37.35962865460547
z_pos_initial = 67.32338191044181
x_vel_initial = 3.953930516658014
y_vel_initial = -3.2424847320978953
z_vel_initial = 7.451957521481379