gravity = 0.0
x_pos_initial = 75.38906512763815
y_pos_initial = 91.9289319884705
z_pos_initial = 63.21288149364681
x_vel_initial = 2.253359860094582
y_vel_initial = -0.8075068507053569
z_vel_initial = -1.7632911365741677
num_bounces = 1
