gravity = 10.0
x_pos_initial = 63.91480565372539
y_pos_initial = 53.494118114829845
z_pos_initial = 34.67958232000921
x_vel_initial = 4.02744464768756
y_vel_initial = -6.523550220592062
z_vel_initial = 7.429616061965671
num_bounces = 7
