gravity = 0.0
x_pos_initial = 95.42951940234478
y_pos_initial = 44.356948664118136
z_pos_initial = 67.95707898707164
x_vel_initial = 1.8166048927910978
y_vel_initial = -8.622863493717979
z_vel_initial = -1.6672327671024512
num_bounces = 2
