gravity = 0.5
x_pos_initial = 24.884620350520688
y_pos_initial = 86.63236016239198
z_pos_initial = 75.6720106811207
x_vel_initial = 6.668543840963803
y_vel_initial = -2.9480582104708937
z_vel_initial = 6.505659674552486
num_bounces = 19
