gravity = 0.0
x_pos_initial = 21.813338265627706
y_pos_initial = 62.33215427385037
z_pos_initial = 88.90101612054745
x_vel_initial = -2.4713375763249994
y_vel_initial = -3.3139289062349953
z_vel_initial = -5.068983462567855