gravity = 0.5
x_pos_initial = 39.62591698703798
y_pos_initial = 60.768513273681684
z_pos_initial = 71.28206646686137
x_vel_initial = 1.724241677967731
y_vel_initial = -4.710402815950038
z_vel_initial = 3.4408380308086493