gravity = 0.5
x_pos_initial = 32.69581670644707
y_pos_initial = 96.10692518980542
z_pos_initial = 18.44347265283528
x_vel_initial = 2.4100681492932488
y_vel_initial = -9.035967145888689
z_vel_initial = -3.541681575269929