gravity = 0.0
x_pos_initial = 9.77341965224732
y_pos_initial = 28.49120222150382
z_pos_initial = 82.8990085179595
x_vel_initial = 2.755649077452807
y_vel_initial = 4.818193390958768
z_vel_initial = 0.013063317281400089
num_bounces = 1
