gravity = 0.5
x_pos_initial = 66.95331016548074
y_pos_initial = 77.16713614679584
z_pos_initial = 30.47275266353687
x_vel_initial = -9.998309107403248
y_vel_initial = -2.530596593172822
z_vel_initial = -0.4168584142219043
num_bounces = 22
