gravity = 0.0
x_pos_initial = 3.757588931200027
y_pos_initial = 95.03312646385945
z_pos_initial = 74.63016128745562
x_vel_initial = 2.878761490058233
y_vel_initial = -4.5580803204458
z_vel_initial = -8.629506987311386