gravity = 0.5
x_pos_initial = 10.043080464080726
y_pos_initial = 71.86615013234615
z_pos_initial = 42.49423223989307
x_vel_initial = 0.8684735669997288
y_vel_initial = 1.7210367881693216
z_vel_initial = -3.7108359519513003
num_bounces = 20
