gravity = 0.0
x_pos_initial = 29.79148423105072
y_pos_initial = 18.439685932053333
z_pos_initial = 58.06038155988565
x_vel_initial = -7.542234942904332
y_vel_initial = 1.5686542506295513
z_vel_initial = -4.074310356276877