gravity = 10.0
x_pos_initial = 96.93333775321697
y_pos_initial = 2.845477881277139
z_pos_initial = 7.599365544952022
x_vel_initial = -2.87069429752093
y_vel_initial = 8.031049897136807
z_vel_initial = -2.3478964044718733
num_bounces = 2
