gravity = 0.0
x_pos_initial = 94.67657394515638
y_pos_initial = 17.087045727842323
z_pos_initial = 71.81243630736492
x_vel_initial = -7.0968277418241295
y_vel_initial = 0.38154418239125754
z_vel_initial = -0.4562732159130025
num_bounces = 1
