gravity = 0.5
x_pos_initial = 9.043809869428848
y_pos_initial = 32.49278994441122
z_pos_initial = 91.13950367062066
x_vel_initial = -0.9751918214187043
y_vel_initial = -0.37456677912828873
z_vel_initial = 9.284864321755727