gravity = 0.0
x_pos_initial = 84.5735815010746
y_pos_initial = 8.627298091791289
z_pos_initial = 41.919744171334486
x_vel_initial = -1.5032774782584664
y_vel_initial = 3.753454833131819
z_vel_initial = -6.656514544433036