gravity = 0.0
x_pos_initial = 89.05464040823975
y_pos_initial = 32.99596795664889
z_pos_initial = 3.317490657528931
x_vel_initial = 6.565109329680034
y_vel_initial = 2.253612583080475
z_vel_initial = 2.81210287898276