gravity = 0.0
x_pos_initial = 17.957097750344957
y_pos_initial = 97.30544908833193
z_pos_initial = 75.36275130961633
x_vel_initial = 4.908157979467058
y_vel_initial = 6.637336160072916
z_vel_initial = 0.9680841164340634