gravity = 0.5
x_pos_initial = 74.28762764078556
y_pos_initial = 78.04599808635017
z_pos_initial = 11.058612617789091
x_vel_initial = -8.091006363095437
y_vel_initial = 5.911192141934842
z_vel_initial = -2.725718862461272