gravity = 0.0
x_pos_initial = 19.569575001108056
y_pos_initial = 89.4863871344523
z_pos_initial = 18.399550824844354
x_vel_initial = 6.353655211270844
y_vel_initial = 6.565818899545089
z_vel_initial = -5.848327594895225