gravity = 10.0
x_pos_initial = 75.18372231342876
y_pos_initial = 59.708646672616005
z_pos_initial = 40.56722775008694
x_vel_initial = 5.6820727225348495
y_vel_initial = -1.120703488299954
z_vel_initial = -3.305246517220078
num_bounces = 8
