gravity = 0.0
x_pos_initial = 17.52343973466121
y_pos_initial = 22.640648771527356
z_pos_initial = 53.84570401152977
x_vel_initial = 6.018560212555972
y_vel_initial = -1.959313224850554
z_vel_initial = 0.6933485793620378