gravity = 0.0
x_pos_initial = 33.16614478405545
y_pos_initial = 31.455592857046028
z_pos_initial = 6.396948276473118
x_vel_initial = -7.570987369213682
y_vel_initial = -8.361904616975899
z_vel_initial = 2.370907322178452