gravity = 10.0
x_pos_initial = 73.02237211978508
y_pos_initial = 43.04565556925632
z_pos_initial = 1.5113543189669016
x_vel_initial = 8.59358436388258
y_vel_initial = 1.0802238040835501
z_vel_initial = 7.59275261226529
num_bounces = 8
