gravity = 0.0
x_pos_initial = 60.026202107481545
y_pos_initial = 57.673687679740716
z_pos_initial = 34.40496002588806
x_vel_initial = -6.788409117199108
y_vel_initial = -3.1923010279723254
z_vel_initial = -1.731691738560766