gravity = 0.0
x_pos_initial = 57.44840355042105
y_pos_initial = 58.51643397755095
z_pos_initial = 96.22993278756034
x_vel_initial = 4.613660117331012
y_vel_initial = 4.066138585192405
z_vel_initial = -5.920100477914776
num_bounces = 3
