gravity = 10.0
x_pos_initial = 7.5732558662213565
y_pos_initial = 32.15875314145488
z_pos_initial = 56.3861421815165
x_vel_initial = 1.5855260178978146
y_vel_initial = 2.5273463291807374
z_vel_initial = -2.4440230914614416
num_bounces = 5
