gravity = 0.0
x_pos_initial = 40.54461769984374
y_pos_initial = 91.3748436180361
z_pos_initial = 9.462496316224602
x_vel_initial = -9.75767806367782
y_vel_initial = 5.002502233183828
z_vel_initial = -3.581631217005416