gravity = 0.0
x_pos_initial = 16.207099984026012
y_pos_initial = 4.360432956424516
z_pos_initial = 38.28534823191954
x_vel_initial = 3.355640870066976
y_vel_initial = -9.543618244124701
z_vel_initial = 7.550373381728811