gravity = 0.5
x_pos_initial = 51.88860614142201
y_pos_initial = 22.30952210534359
z_pos_initial = 41.170935035685815
x_vel_initial = -5.615690347530169
y_vel_initial = -4.976657425980608
z_vel_initial = 9.746073538807465
num_bounces = 17
