gravity = 0.5
x_pos_initial = 18.206803055557195
y_pos_initial = 38.53853896822174
z_pos_initial = 66.87553165852466
x_vel_initial = -2.126937501460759
y_vel_initial = 5.940524468090992
z_vel_initial = -5.390096415166937
num_bounces = 19
