gravity = 0.0
x_pos_initial = 59.185570406737135
y_pos_initial = 56.35268258540174
z_pos_initial = 41.88964331969027
x_vel_initial = -5.819781158063666
y_vel_initial = 2.464970515257976
z_vel_initial = -1.1748008313406757
num_bounces = 2
