gravity = 0.0
x_pos_initial = 66.78900654298216
y_pos_initial = 6.914617470070153
z_pos_initial = 53.20294963826422
x_vel_initial = 8.647673097443924
y_vel_initial = -1.9526307854081857
z_vel_initial = -1.5118084368710143
num_bounces = 3
