gravity = 0.0
x_pos_initial = 9.825634442644853
y_pos_initial = 46.037070654652545
z_pos_initial = 1.455214928635792
x_vel_initial = -2.420552579247045
y_vel_initial = 4.354697414657156
z_vel_initial = -6.88947251865921
num_bounces = 4
