gravity = 10.0
x_pos_initial = 29.48974040690663
y_pos_initial = 62.01760740788755
z_pos_initial = 89.51295485580314
x_vel_initial = 8.308263300811436
y_vel_initial = -5.67077541035155
z_vel_initial = 5.489401184798297