gravity = 0.0
x_pos_initial = 9.962397190633965
y_pos_initial = 63.09099758521925
z_pos_initial = 47.79227191387238
x_vel_initial = -7.417609530821853
y_vel_initial = -3.562828268171546
z_vel_initial = 0.24114164397359872
num_bounces = 3
