gravity = 0.5
x_pos_initial = 15.768819765409571
y_pos_initial = 80.0178094936938
z_pos_initial = 83.09759381762352
x_vel_initial = -2.483237640469957
y_vel_initial = 3.39927226092402
z_vel_initial = -0.6214593028113775
num_bounces = 23
