gravity = 0.0
x_pos_initial = 86.2251460543456
y_pos_initial = 7.440117427580525
z_pos_initial = 57.852707604116105
x_vel_initial = -8.2559956307024
y_vel_initial = -1.643172631947822
z_vel_initial = 4.865768252588493
num_bounces = 3
