gravity = 0.0
x_pos_initial = 21.61265724367808
y_pos_initial = 30.975183617043253
z_pos_initial = 12.875585753404346
x_vel_initial = -0.7773021590493574
y_vel_initial = -1.7675092550930334
z_vel_initial = 4.638181230318143