gravity = 0.0
x_pos_initial = 21.210021597376706
y_pos_initial = 40.327986150921355
z_pos_initial = 65.58420654246427
x_vel_initial = 5.157563135607099
y_vel_initial = -9.199521632102684
z_vel_initial = 8.171096895357056
num_bounces = 5
