gravity = 10.0
x_pos_initial = 93.1872009673366
y_pos_initial = 49.45769463081053
z_pos_initial = 33.78362311795296
x_vel_initial = -3.5838158986491804
y_vel_initial = 3.2836505132298814
z_vel_initial = 4.982535650880946