gravity = 0.0
x_pos_initial = 13.749125511458132
y_pos_initial = 87.74796094233234
z_pos_initial = 45.36119982220329
x_vel_initial = -3.5904384032696877
y_vel_initial = -7.452994748348673
z_vel_initial = 4.2423202496786505