gravity = 0.0
x_pos_initial = 59.17804014506403
y_pos_initial = 80.06659891290586
z_pos_initial = 65.14169569162448
x_vel_initial = -4.605763220286787
y_vel_initial = 7.590163003296187
z_vel_initial = -3.67346131584965
num_bounces = 4
