gravity = 0.0
x_pos_initial = 83.41906086117942
y_pos_initial = 44.54446622054218
z_pos_initial = 43.38783872544295
x_vel_initial = 5.5041103536468725
y_vel_initial = -4.264857506807512
z_vel_initial = -5.700726581316044
num_bounces = 3
