gravity = 0.0
x_pos_initial = 86.15882561556366
y_pos_initial = 60.1983940801382
z_pos_initial = 98.72359558764666
x_vel_initial = -5.951930006266807
y_vel_initial = -4.045948151729618
z_vel_initial = -4.944043354458977