gravity = 0.0
x_pos_initial = 17.3239989696308
y_pos_initial = 32.10467696128457
z_pos_initial = 34.309647776236034
x_vel_initial = -6.7522442126420295
y_vel_initial = 7.462149809106773
z_vel_initial = 1.196364454540367