gravity = 0.0
x_pos_initial = 19.87158811680432
y_pos_initial = 19.271544793446566
z_pos_initial = 29.84287302423655
x_vel_initial = 7.503333121709172
y_vel_initial = -5.675652215804477
z_vel_initial = -5.817226073307881