gravity = 0.5
x_pos_initial = 48.59636907045342
y_pos_initial = 58.01038033399552
z_pos_initial = 93.32612647815539
x_vel_initial = -6.700422088606639
y_vel_initial = 7.535819711874332
z_vel_initial = 2.9188384031503833
num_bounces = 23
