gravity = 0.5
x_pos_initial = 58.02877882653236
y_pos_initial = 88.55716265593033
z_pos_initial = 43.965097906952074
x_vel_initial = 5.917351245873267
y_vel_initial = -0.2768096003520668
z_vel_initial = 6.902816311506374
num_bounces = 18
