gravity = 0.0
x_pos_initial = 13.68044962564018
y_pos_initial = 81.04478087324284
z_pos_initial = 52.551234399274236
x_vel_initial = -6.062303020166569
y_vel_initial = -2.7865899313721583
z_vel_initial = -3.6562886985018164