gravity = 0.0
x_pos_initial = 41.0321477603394
y_pos_initial = 96.0207981281096
z_pos_initial = 86.40290812535177
x_vel_initial = -8.579158924828405
y_vel_initial = -7.278827881950125
z_vel_initial = 7.040388644845617
num_bounces = 5
