gravity = 10.0
x_pos_initial = 34.14758903116822
y_pos_initial = 3.238163242338571
z_pos_initial = 91.82107858875865
x_vel_initial = 8.327822349085075
y_vel_initial = -7.838545773092143
z_vel_initial = -1.6566360983319406
num_bounces = 3
