gravity = 0.0
x_pos_initial = 36.22274647293643
y_pos_initial = 1.0365867245009472
z_pos_initial = 63.1639463487442
x_vel_initial = 8.556555972676815
y_vel_initial = -3.1996796786647588
z_vel_initial = -7.091361016191918
num_bounces = 3
