gravity = 10.0
x_pos_initial = 82.96071715348877
y_pos_initial = 16.42466103057911
z_pos_initial = 63.83894309072251
x_vel_initial = -6.305868860329619
y_vel_initial = -9.607410068056781
z_vel_initial = -6.958839949342651
num_bounces = 5
