gravity = 10.0
x_pos_initial = 45.04021258396892
y_pos_initial = 96.57456444620573
z_pos_initial = 48.60683567600081
x_vel_initial = 8.744832514083658
y_vel_initial = 7.054310927777831
z_vel_initial = 1.455314251039674
num_bounces = 5
