gravity = 0.5
x_pos_initial = 47.19983811064964
y_pos_initial = 26.233913582298317
z_pos_initial = 94.00759191721512
x_vel_initial = 5.1298307894151645
y_vel_initial = 0.4546508443271957
z_vel_initial = -8.647457926190668