gravity = 0.0
x_pos_initial = 3.0141462093487723
y_pos_initial = 46.242900691253375
z_pos_initial = 29.375126748837417
x_vel_initial = -3.2845444437802556
y_vel_initial = -6.429092869590507
z_vel_initial = 0.34772059194348337
num_bounces = 2
