gravity = 0.5
x_pos_initial = 55.82657560326479
y_pos_initial = 71.61303428441343
z_pos_initial = 35.14147409519377
x_vel_initial = 5.441508771727252
y_vel_initial = 1.7207975417206516
z_vel_initial = -1.194670352314903
num_bounces = 20
