gravity = 0.0
x_pos_initial = 54.85271059504249
y_pos_initial = 5.167541525609545
z_pos_initial = 30.2818192552494
x_vel_initial = -1.4304231663739717
y_vel_initial = -6.729687640213494
z_vel_initial = 2.3641131504413337
num_bounces = 2
