gravity = 0.0
x_pos_initial = 8.282080595208406
y_pos_initial = 20.85167498177816
z_pos_initial = 62.89827512918383
x_vel_initial = -9.025880270957508
y_vel_initial = 5.510742222990714
z_vel_initial = -3.1757316976688124
num_bounces = 3
