gravity = 0.0
x_pos_initial = 26.56888280349902
y_pos_initial = 35.22654502184948
z_pos_initial = 65.73472270029313
x_vel_initial = 2.4242154971565952
y_vel_initial = -8.43493899731475
z_vel_initial = -0.17355926047258308
num_bounces = 2
