gravity = 0.0
x_pos_initial = 18.019824207920994
y_pos_initial = 0.49597721918961346
z_pos_initial = 53.94201825180504
x_vel_initial = -1.9860538502892595
y_vel_initial = -6.050228980755104
z_vel_initial = -4.185059432852241
num_bounces = 4
