gravity = 10.0
x_pos_initial = 98.46682160628096
y_pos_initial = 62.12343010396238
z_pos_initial = 21.702092365614707
x_vel_initial = 7.533721934761786
y_vel_initial = 0.4325660905118145
z_vel_initial = -2.7836763644776994