gravity = 0.0
x_pos_initial = 63.03265293593124
y_pos_initial = 13.19731189909419
z_pos_initial = 14.697466195483122
x_vel_initial = -8.621955993611826
y_vel_initial = -1.1921371498377855
z_vel_initial = 2.0435623220521144