gravity = 0.5
x_pos_initial = 68.9032405133959
y_pos_initial = 44.86610861019515
z_pos_initial = 4.985827383627646
x_vel_initial = 1.0901692913278325
y_vel_initial = -3.6927311107626934
z_vel_initial = 9.391083959688235
num_bounces = 19
