gravity = 0.0
x_pos_initial = 45.68106975192234
y_pos_initial = 49.74032876725925
z_pos_initial = 5.446836372778017
x_vel_initial = -2.4467638557058615
y_vel_initial = 9.975716146621988
z_vel_initial = 7.819634864811643