gravity = 10.0
x_pos_initial = 41.66910325278522
y_pos_initial = 49.17192361716904
z_pos_initial = 50.050054424741845
x_vel_initial = -4.769294742452671
y_vel_initial = -3.5122930816923157
z_vel_initial = -3.1547775420754895