gravity = 10.0
x_pos_initial = 17.432861240341502
y_pos_initial = 37.204780267414236
z_pos_initial = 9.677898313787589
x_vel_initial = 3.832143163938122
y_vel_initial = 5.473459229637914
z_vel_initial = 5.69607912914006
num_bounces = 6
