gravity = 0.0
x_pos_initial = 96.83834272319096
y_pos_initial = 71.81003647169071
z_pos_initial = 72.32859313314587
x_vel_initial = -5.763446594242312
y_vel_initial = -1.7442842807964531
z_vel_initial = 0.27644374706085273