gravity = 0.0
x_pos_initial = 64.01067330871358
y_pos_initial = 66.70879327913838
z_pos_initial = 93.09025515577488
x_vel_initial = 7.899423268048544
y_vel_initial = -8.613110892584587
z_vel_initial = 9.037312640988421