gravity = 0.5
x_pos_initial = 14.994505944656149
y_pos_initial = 38.49701706109997
z_pos_initial = 55.494000528115706
x_vel_initial = -7.781607758667091
y_vel_initial = 7.317738940425251
z_vel_initial = 1.9185825415340858
num_bounces = 15
