gravity = 0.0
x_pos_initial = 36.7951291749346
y_pos_initial = 18.68839695774848
z_pos_initial = 31.196372099750032
x_vel_initial = -4.489133168314386
y_vel_initial = -1.2789420195399348
z_vel_initial = -5.658003254942145