gravity = 0.5
x_pos_initial = 33.473934099606936
y_pos_initial = 27.756790104427047
z_pos_initial = 21.770815474202806
x_vel_initial = 8.292902938960065
y_vel_initial = 9.588883057184134
z_vel_initial = -7.975352865886057