gravity = 0.5
x_pos_initial = 61.29984311399445
y_pos_initial = 23.59409365178578
z_pos_initial = 89.71713271365302
x_vel_initial = -4.716665287489298
y_vel_initial = -2.347553431935701
z_vel_initial = 0.5576019547358282
num_bounces = 19
