gravity = 0.0
x_pos_initial = 85.39184200752707
y_pos_initial = 4.184331347284352
z_pos_initial = 16.513568933575513
x_vel_initial = -0.37064608685798994
y_vel_initial = -7.910857797817368
z_vel_initial = -5.73662593852174
num_bounces = 3
