gravity = 10.0
x_pos_initial = 79.52502003275904
y_pos_initial = 67.41549485583086
z_pos_initial = 43.11308406554336
x_vel_initial = 2.20138203026918
y_vel_initial = 0.15854431534646984
z_vel_initial = -3.6476764028103927