gravity = 0.0
x_pos_initial = 12.148846385168495
y_pos_initial = 54.282745439780214
z_pos_initial = 57.149956894528465
x_vel_initial = 2.195506172387626
y_vel_initial = 7.675380781639298
z_vel_initial = -0.5091247453197898