gravity = 0.5
x_pos_initial = 86.31557429229997
y_pos_initial = 72.60717946754076
z_pos_initial = 60.01297372271031
x_vel_initial = 3.7478846634503107
y_vel_initial = -5.888973677477179
z_vel_initial = -4.986976340101805