gravity = 0.5
x_pos_initial = 45.52960299671224
y_pos_initial = 36.473543334717405
z_pos_initial = 20.250065293185237
x_vel_initial = 7.3536191366999475
y_vel_initial = 4.365247473753488
z_vel_initial = -8.9741700411038
num_bounces = 22
