gravity = 0.0
x_pos_initial = 83.78367493198826
y_pos_initial = 84.72362296723773
z_pos_initial = 40.73671450370254
x_vel_initial = -6.890290942966336
y_vel_initial = 1.8872004775404676
z_vel_initial = 4.788429935821609
num_bounces = 3
