gravity = 0.0
x_pos_initial = 29.446247404887092
y_pos_initial = 38.998330844380156
z_pos_initial = 66.59566701780648
x_vel_initial = 7.760225005052643
y_vel_initial = -0.38163903173367864
z_vel_initial = 9.983009865671733