gravity = 10.0
x_pos_initial = 16.075842842633133
y_pos_initial = 7.540011992081575
z_pos_initial = 60.37905612073182
x_vel_initial = 3.3653717764028084
y_vel_initial = 8.730904988449272
z_vel_initial = -9.85732257406254