gravity = 0.5
x_pos_initial = 42.79525416362924
y_pos_initial = 38.76270810404387
z_pos_initial = 97.69452336363697
x_vel_initial = 8.0066139509515
y_vel_initial = -4.246461629175185
z_vel_initial = -6.1584446367889285
num_bounces = 19
