gravity = 0.5
x_pos_initial = 61.702068971551085
y_pos_initial = 76.02896801631667
z_pos_initial = 3.451655329266519
x_vel_initial = 1.9219420544867738
y_vel_initial = 7.126962654922242
z_vel_initial = -7.892977972333888
num_bounces = 23
