gravity = 0.5
x_pos_initial = 54.47050391324133
y_pos_initial = 79.96521504234124
z_pos_initial = 36.049273673890426
x_vel_initial = 5.355962358675937
y_vel_initial = 9.884566352980599
z_vel_initial = -7.075405782837391
num_bounces = 21
