gravity = 0.5
x_pos_initial = 11.512922650262176
y_pos_initial = 68.6662170117619
z_pos_initial = 16.934577681088196
x_vel_initial = -1.0628682396657894
y_vel_initial = -8.378421442374028
z_vel_initial = 3.865065038721557
num_bounces = 19
