gravity = 0.0
x_pos_initial = 98.69926187524882
y_pos_initial = 1.6788900523645403
z_pos_initial = 26.69888746790264
x_vel_initial = 4.4468189071842215
y_vel_initial = 9.064708925639732
z_vel_initial = -7.157843675622795
num_bounces = 3
