gravity = 0.5
x_pos_initial = 9.35505639618196
y_pos_initial = 36.31372272454883
z_pos_initial = 12.484156102377787
x_vel_initial = -1.0838965255573871
y_vel_initial = -6.1047527778216235
z_vel_initial = 4.364268703960887