gravity = 0.5
x_pos_initial = 6.430938832333651
y_pos_initial = 83.0868953025513
z_pos_initial = 33.04055242290315
x_vel_initial = 5.8244763237689625
y_vel_initial = 7.443736360714311
z_vel_initial = -6.209452322746833
num_bounces = 19
