gravity = 0.5
x_pos_initial = 29.147332846572674
y_pos_initial = 47.191732742224374
z_pos_initial = 62.104663769829834
x_vel_initial = -9.012435544200263
y_vel_initial = -5.738644877705132
z_vel_initial = 2.3655187827693993
num_bounces = 22
