gravity = 0.5
x_pos_initial = 90.62706051126541
y_pos_initial = 28.520258155405276
z_pos_initial = 81.40324874298743
x_vel_initial = -6.772862544784572
y_vel_initial = 0.7580828025127175
z_vel_initial = 0.03258696592240007
num_bounces = 17
