gravity = 0.0
x_pos_initial = 55.050414299741156
y_pos_initial = 9.737721510661952
z_pos_initial = 70.3337899491651
x_vel_initial = -9.776475796743123
y_vel_initial = -1.229517046988244
z_vel_initial = 3.963809012765479
num_bounces = 4
