gravity = 10.0
x_pos_initial = 49.64990979383191
y_pos_initial = 17.83373337121169
z_pos_initial = 63.5413885755931
x_vel_initial = -0.21848116938092055
y_vel_initial = -9.291407810930584
z_vel_initial = -2.6271032831263748