gravity = 10.0
x_pos_initial = 42.908394371697945
y_pos_initial = 46.610349392699035
z_pos_initial = 31.86950581610911
x_vel_initial = -6.463427222541049
y_vel_initial = -8.568752391721118
z_vel_initial = 4.792592999647031
num_bounces = 7
