gravity = 0.0
x_pos_initial = 2.9000538457655773
y_pos_initial = 92.9479267342082
z_pos_initial = 56.7703164361605
x_vel_initial = -0.5789721885899368
y_vel_initial = 5.694751493661727
z_vel_initial = -0.8367376075912851