gravity = 0.5
x_pos_initial = 63.36895984711008
y_pos_initial = 67.63266401115884
z_pos_initial = 26.34959589150898
x_vel_initial = -1.0745643731114676
y_vel_initial = -1.4669197360254884
z_vel_initial = 7.823044139642047
num_bounces = 19
