gravity = 0.5
x_pos_initial = 23.01299135850239
y_pos_initial = 35.05061719533396
z_pos_initial = 63.23389563497724
x_vel_initial = -0.9538627810159248
y_vel_initial = -7.70257522898323
z_vel_initial = 6.1215298237761395