gravity = 0.5
x_pos_initial = 74.7439519932321
y_pos_initial = 41.34104273020216
z_pos_initial = 96.13392732564897
x_vel_initial = -3.3336301625207234
y_vel_initial = -9.4192874753116
z_vel_initial = -5.799852703488036
num_bounces = 17
