gravity = 0.5
x_pos_initial = 75.04762633010303
y_pos_initial = 43.44372411969543
z_pos_initial = 3.1625025344418916
x_vel_initial = -4.838145113369892
y_vel_initial = -3.908412580142839
z_vel_initial = -4.931552721216928
num_bounces = 20
