gravity = 0.0
x_pos_initial = 5.9272981029150165
y_pos_initial = 29.142059996263367
z_pos_initial = 0.7837493883385942
x_vel_initial = -6.62234669006758
y_vel_initial = -6.354806550284227
z_vel_initial = 5.2523991265260435