gravity = 0.5
x_pos_initial = 27.34117398847727
y_pos_initial = 31.15895261789341
z_pos_initial = 13.40384759151492
x_vel_initial = -7.773806034002661
y_vel_initial = 0.08347762026465944
z_vel_initial = 3.8111493987677285