gravity = 0.0
x_pos_initial = 57.70654080635119
y_pos_initial = 39.360863622908546
z_pos_initial = 71.9415728440709
x_vel_initial = 5.963374020884217
y_vel_initial = -6.37707363100053
z_vel_initial = -8.538572688591984
num_bounces = 3
