gravity = 10.0
x_pos_initial = 10.21642192797667
y_pos_initial = 97.61218536522402
z_pos_initial = 73.85492651278847
x_vel_initial = 7.4225643470728215
y_vel_initial = 1.1685425858744427
z_vel_initial = -6.002704166323534
num_bounces = 6
