gravity = 0.0
x_pos_initial = 85.63539686447425
y_pos_initial = 51.36935608496767
z_pos_initial = 14.321924368005389
x_vel_initial = 5.224695444833078
y_vel_initial = -6.920652062880293
z_vel_initial = 3.3387548893816845