gravity = 0.0
x_pos_initial = 84.91378179887342
y_pos_initial = 25.312354407120296
z_pos_initial = 37.84095257126142
x_vel_initial = 9.856947955871814
y_vel_initial = -5.831718180116452
z_vel_initial = 4.573784782439958