gravity = 0.0
x_pos_initial = 28.174083203236695
y_pos_initial = 23.739966876468348
z_pos_initial = 7.571112307184257
x_vel_initial = -0.239010497284168
y_vel_initial = -0.31144367682834506
z_vel_initial = 8.974040052865387
num_bounces = 1
