gravity = 0.0
x_pos_initial = 55.61917621796393
y_pos_initial = 43.030702587673396
z_pos_initial = 98.42895432715031
x_vel_initial = 8.237715336260347
y_vel_initial = 0.28257769129908894
z_vel_initial = 4.437541018383735