gravity = 0.5
x_pos_initial = 76.52173607165999
y_pos_initial = 54.47291763095514
z_pos_initial = 67.14498394278193
x_vel_initial = -5.4553323107553116
y_vel_initial = 2.394398222955145
z_vel_initial = -7.890397521425747
num_bounces = 18
