gravity = 0.0
x_pos_initial = 40.73732485340487
y_pos_initial = 18.373960683391104
z_pos_initial = 4.1079245907619315
x_vel_initial = -9.755615284314674
y_vel_initial = -4.592208138101091
z_vel_initial = -4.971951980110817
num_bounces = 4
