gravity = 10.0
x_pos_initial = 16.453884208215367
y_pos_initial = 78.86460696924544
z_pos_initial = 95.18444514056283
x_vel_initial = 2.542175776578171
y_vel_initial = 6.835615764380403
z_vel_initial = 8.217698571201634
num_bounces = 8
