gravity = 0.0
x_pos_initial = 50.82625238459036
y_pos_initial = 62.359860721763994
z_pos_initial = 90.10810412127479
x_vel_initial = 1.009048794091603
y_vel_initial = -9.116902879690885
z_vel_initial = -5.212635233425186
num_bounces = 2
