gravity = 0.0
x_pos_initial = 7.370466794040355
y_pos_initial = 87.94916929346176
z_pos_initial = 74.11883647314421
x_vel_initial = 2.2944363365931437
y_vel_initial = 4.382974677544681
z_vel_initial = 5.999112313116431