gravity = 0.5
x_pos_initial = 71.32166427220764
y_pos_initial = 17.327791740143102
z_pos_initial = 97.65969232633087
x_vel_initial = 7.879511853227488
y_vel_initial = -1.4980203664862852
z_vel_initial = -9.491281732357631
num_bounces = 16
