gravity = 10.0
x_pos_initial = 67.28001826149216
y_pos_initial = 33.51795059445535
z_pos_initial = 45.78749816559444
x_vel_initial = 7.579675774281039
y_vel_initial = -2.4551663295993436
z_vel_initial = -2.34173733584067
num_bounces = 6
