gravity = 10.0
x_pos_initial = 75.07419286627255
y_pos_initial = 26.235233016822868
z_pos_initial = 98.44518428779485
x_vel_initial = -6.015012174122166
y_vel_initial = -4.2183965366575995
z_vel_initial = -0.6511440354827531