gravity = 0.0
x_pos_initial = 94.28226562740669
y_pos_initial = 59.87934600886781
z_pos_initial = 88.67807644410566
x_vel_initial = -7.861416304027351
y_vel_initial = -1.3866676643834541
z_vel_initial = 6.32120624601605
num_bounces = 2
