gravity = 0.0
x_pos_initial = 84.31391190364303
y_pos_initial = 38.215629573299076
z_pos_initial = 86.31809686665808
x_vel_initial = 0.08985864227387097
y_vel_initial = 5.573230504953997
z_vel_initial = -4.750029089904599
num_bounces = 1
