gravity = 0.0
x_pos_initial = 81.85602033408523
y_pos_initial = 5.764197298166627
z_pos_initial = 0.544220069481116
x_vel_initial = 4.060497509854375
y_vel_initial = -1.1118244168822873
z_vel_initial = 1.5446655077982019
num_bounces = 2
