gravity = 0.5
x_pos_initial = 19.775982039508015
y_pos_initial = 58.393289156145926
z_pos_initial = 27.615217792623916
x_vel_initial = 4.14298222055325
y_vel_initial = -0.6618613896875818
z_vel_initial = -9.785289914745961
num_bounces = 22
