gravity = 10.0
x_pos_initial = 33.357795513626925
y_pos_initial = 15.694714102023788
z_pos_initial = 49.56737250679156
x_vel_initial = -7.738467444083399
y_vel_initial = 6.150785975599181
z_vel_initial = 2.5072905012632916