gravity = 0.5
x_pos_initial = 38.328565189083015
y_pos_initial = 2.7462433723540784
z_pos_initial = 88.33337304892737
x_vel_initial = -2.9935707865949093
y_vel_initial = -5.04185476581746
z_vel_initial = -0.3346172241298504