gravity = 0.0
x_pos_initial = 51.562346428961675
y_pos_initial = 48.501830626001315
z_pos_initial = 69.29913304127639
x_vel_initial = 1.34594413805201
y_vel_initial = 2.790576004511829
z_vel_initial = -6.902928248977121