gravity = 0.0
x_pos_initial = 71.57237779067324
y_pos_initial = 8.282929899661207
z_pos_initial = 63.21304521810183
x_vel_initial = 8.855366673265184
y_vel_initial = -2.881845517946779
z_vel_initial = 6.521988878791106
num_bounces = 4
