gravity = 0.5
x_pos_initial = 32.96232294442371
y_pos_initial = 18.89499561290456
z_pos_initial = 52.85889999237473
x_vel_initial = 8.520838086355308
y_vel_initial = -2.667166321428038
z_vel_initial = 5.202324387632045
num_bounces = 12
