gravity = 10.0
x_pos_initial = 78.75586048209463
y_pos_initial = 37.21272518218249
z_pos_initial = 84.9583397386574
x_vel_initial = 7.357318565764221
y_vel_initial = -1.25586913650708
z_vel_initial = 0.8731927399851465
num_bounces = 8
