gravity = 10.0
x_pos_initial = 44.174892469459344
y_pos_initial = 86.39395160850427
z_pos_initial = 65.48403611099052
x_vel_initial = -1.5901826513031647
y_vel_initial = 7.430690775557263
z_vel_initial = 1.8171478609067968
num_bounces = 7
