gravity = 0.0
x_pos_initial = 12.018269800502914
y_pos_initial = 94.7320487738443
z_pos_initial = 65.09732693201616
x_vel_initial = -3.016179803174719
y_vel_initial = -5.545173596373806
z_vel_initial = 2.782298249593998