gravity = 0.0
x_pos_initial = 29.812998163602515
y_pos_initial = 73.82859141348919
z_pos_initial = 27.50682052444598
x_vel_initial = 5.942619976520815
y_vel_initial = -4.020184483099537
z_vel_initial = -9.774526091140588