gravity = 10.0
x_pos_initial = 78.05408893795071
y_pos_initial = 69.44935221148909
z_pos_initial = 38.802091685512664
x_vel_initial = -5.548599308742774
y_vel_initial = -4.1252171095981645
z_vel_initial = -2.761074772186931
num_bounces = 6
