gravity = 0.0
x_pos_initial = 11.078979329208904
y_pos_initial = 61.78461898429358
z_pos_initial = 58.514269305892434
x_vel_initial = -5.774421473768214
y_vel_initial = 8.863437950373388
z_vel_initial = 8.891524201302378
num_bounces = 5
