gravity = 0.0
x_pos_initial = 32.722763200271736
y_pos_initial = 42.198062045678384
z_pos_initial = 55.65280036591177
x_vel_initial = 3.372857797822503
y_vel_initial = 3.5740615083969374
z_vel_initial = 9.767833347355737