gravity = 0.5
x_pos_initial = 18.031584692534775
y_pos_initial = 91.76754932784037
z_pos_initial = 37.8414254626885
x_vel_initial = -2.8967107588568917
y_vel_initial = -3.4324505977548423
z_vel_initial = 8.707921587689047
num_bounces = 19
