gravity = 10.0
x_pos_initial = 36.9687571304772
y_pos_initial = 40.90663513417866
z_pos_initial = 63.9665563762054
x_vel_initial = -4.5636064430832395
y_vel_initial = 6.06786881617429
z_vel_initial = 3.0112136759726305
num_bounces = 7
