gravity = 10.0
x_pos_initial = 28.333180508068608
y_pos_initial = 95.4807034192191
z_pos_initial = 9.913409723989593
x_vel_initial = -0.8883438423536436
y_vel_initial = -3.7003575765531167
z_vel_initial = -4.607169724624899
num_bounces = 5
