gravity = 10.0
x_pos_initial = 1.1634262744952855
y_pos_initial = 26.358639029068726
z_pos_initial = 34.70725561871793
x_vel_initial = -3.523924228565847
y_vel_initial = 7.416798360842886
z_vel_initial = -1.0422269042039858