gravity = 0.0
x_pos_initial = 90.03985935934026
y_pos_initial = 8.605553409288792
z_pos_initial = 36.91142249976758
x_vel_initial = -1.1471221522030568
y_vel_initial = 8.164548439567323
z_vel_initial = -0.8717199649518026
num_bounces = 1
