gravity = 0.0
x_pos_initial = 61.92888440722114
y_pos_initial = 88.2076600132474
z_pos_initial = 59.87941168184261
x_vel_initial = -6.627053349720875
y_vel_initial = -2.8455528235192142
z_vel_initial = -0.20558990482890493
num_bounces = 1
