gravity = 0.0
x_pos_initial = 62.50495988842429
y_pos_initial = 78.4500493862474
z_pos_initial = 47.36496469872928
x_vel_initial = 5.113606415374022
y_vel_initial = 7.555791652932474
z_vel_initial = 0.26420347427134594
num_bounces = 3
