gravity = 0.5
x_pos_initial = 70.52695548551962
y_pos_initial = 53.4597985472193
z_pos_initial = 25.38592573482444
x_vel_initial = 8.918513200030493
y_vel_initial = 0.812908983708656
z_vel_initial = 3.4483266720022083
num_bounces = 18
