gravity = 0.0
x_pos_initial = 92.21571848376692
y_pos_initial = 36.63605288027223
z_pos_initial = 46.96770360061676
x_vel_initial = 0.3005129365808692
y_vel_initial = 3.9161100608058472
z_vel_initial = -1.0835317172791843
num_bounces = 1
