gravity = 0.0
x_pos_initial = 67.04468107526044
y_pos_initial = 67.38256600433657
z_pos_initial = 13.036288287208027
x_vel_initial = -2.0122482025123487
y_vel_initial = -0.9266301601339517
z_vel_initial = -7.066748121022535