gravity = 0.0
x_pos_initial = 36.47147172630638
y_pos_initial = 48.56458226711392
z_pos_initial = 17.38824522058787
x_vel_initial = 0.20495566355111805
y_vel_initial = 1.27480909104092
z_vel_initial = -6.7996874583472575