gravity = 0.5
x_pos_initial = 29.2958749268334
y_pos_initial = 13.526365393457914
z_pos_initial = 58.56060954503993
x_vel_initial = 7.822486196508287
y_vel_initial = 3.73443651140529
z_vel_initial = -8.122883011337937