gravity = 0.0
x_pos_initial = 16.43029603668228
y_pos_initial = 57.351530761491304
z_pos_initial = 27.31705530293133
x_vel_initial = 5.443564670323671
y_vel_initial = 4.102789281820279
z_vel_initial = -5.904526531549568
num_bounces = 3
