gravity = 0.0
x_pos_initial = 45.40975096296804
y_pos_initial = 69.01488858988834
z_pos_initial = 53.73283799896658
x_vel_initial = -2.8207771972600355
y_vel_initial = -8.623206225007293
z_vel_initial = 1.2519742860132084
num_bounces = 2
