gravity = 10.0
x_pos_initial = 81.8063647957579
y_pos_initial = 30.180764869062273
z_pos_initial = 12.797581087329446
x_vel_initial = 2.109981064377642
y_vel_initial = -1.6072599427526217
z_vel_initial = 5.588339595126861
num_bounces = 7
