gravity = 10.0
x_pos_initial = 64.13904888825093
y_pos_initial = 66.28456888275186
z_pos_initial = 68.52561582252527
x_vel_initial = -3.8515609654360583
y_vel_initial = -1.1356375455001455
z_vel_initial = -6.110382259205608