gravity = 0.0
x_pos_initial = 87.21133868194953
y_pos_initial = 96.69614774215438
z_pos_initial = 82.4996234662268
x_vel_initial = -6.980676459525549
y_vel_initial = -6.4460371605936215
z_vel_initial = 2.0114945653577703
num_bounces = 3
