gravity = 10.0
x_pos_initial = 23.710240266459397
y_pos_initial = 62.60762688495838
z_pos_initial = 35.494604196399386
x_vel_initial = 1.3112939233237526
y_vel_initial = -6.921875126882966
z_vel_initial = 1.2094352393454901