gravity = 10.0
x_pos_initial = 72.7450263332704
y_pos_initial = 51.524419828206156
z_pos_initial = 30.323815179912906
x_vel_initial = -8.910957162212618
y_vel_initial = 0.3318697237407644
z_vel_initial = 8.35790526085965
num_bounces = 7
