gravity = 10.0
x_pos_initial = 87.60224386423047
y_pos_initial = 96.46925576102132
z_pos_initial = 26.147360860203328
x_vel_initial = -4.2485945735664
y_vel_initial = 8.36187361809814
z_vel_initial = 1.3959609539496398