gravity = 0.0
x_pos_initial = 68.44226846670878
y_pos_initial = 84.71850327502838
z_pos_initial = 62.753005675967735
x_vel_initial = 7.427312472653622
y_vel_initial = -0.14307915278258854
z_vel_initial = 4.003625678673826