gravity = 0.5
x_pos_initial = 6.439670556825494
y_pos_initial = 97.19473457897
z_pos_initial = 25.646327603599147
x_vel_initial = -5.335084164520706
y_vel_initial = 3.3704163282303234
z_vel_initial = 8.674536216742542