gravity = 10.0
x_pos_initial = 55.94421857648457
y_pos_initial = 97.10308882849242
z_pos_initial = 23.269410777266692
x_vel_initial = 1.6786730432271302
y_vel_initial = -6.390400976797723
z_vel_initial = 2.272721832036815