gravity = 0.0
x_pos_initial = 52.56050357982682
y_pos_initial = 15.336450431281579
z_pos_initial = 44.96309830384027
x_vel_initial = -3.1083863313660087
y_vel_initial = 7.638761111629616
z_vel_initial = -9.872677200372562
num_bounces = 4
