gravity = 10.0
x_pos_initial = 64.50352930645487
y_pos_initial = 56.89714851050256
z_pos_initial = 71.75073201197803
x_vel_initial = -0.6975656013401679
y_vel_initial = -2.1796049221888394
z_vel_initial = 8.340811931846453
num_bounces = 7
