gravity = 0.0
x_pos_initial = 30.49484756695263
y_pos_initial = 87.84629348440478
z_pos_initial = 63.23864912049087
x_vel_initial = 9.96772313833032
y_vel_initial = -4.04864531246606
z_vel_initial = -6.389777365800604