gravity = 0.0
x_pos_initial = 54.685865339207005
y_pos_initial = 81.6309925599278
z_pos_initial = 67.2716253497003
x_vel_initial = 4.7675028049722705
y_vel_initial = 3.499582086728452
z_vel_initial = 2.3486410838796488