gravity = 0.5
x_pos_initial = 54.77897754421825
y_pos_initial = 26.908096687258528
z_pos_initial = 3.4538493827196217
x_vel_initial = -7.709547912185467
y_vel_initial = -1.4465197391592213
z_vel_initial = -9.978668629882007
num_bounces = 20
