gravity = 0.5
x_pos_initial = 67.77650342564803
y_pos_initial = 96.25149215989704
z_pos_initial = 17.87761880858849
x_vel_initial = 9.691616433412928
y_vel_initial = -2.955232999583151
z_vel_initial = 0.8799468786244002