gravity = 0.0
x_pos_initial = 24.088937947081185
y_pos_initial = 5.118106089890222
z_pos_initial = 54.97855777856391
x_vel_initial = -4.332452315195263
y_vel_initial = -9.752886627302187
z_vel_initial = -5.106057678744435
num_bounces = 4
