gravity = 0.0
x_pos_initial = 68.12851409327192
y_pos_initial = 75.4389377780159
z_pos_initial = 58.92620069671432
x_vel_initial = -8.55963065727251
y_vel_initial = 6.198456176764164
z_vel_initial = 2.846669335732475