gravity = 0.5
x_pos_initial = 96.3433358618846
y_pos_initial = 31.59575872471156
z_pos_initial = 11.554421424436093
x_vel_initial = -1.5224566310787004
y_vel_initial = 8.138051780302732
z_vel_initial = 2.189218630662433