gravity = 0.5
x_pos_initial = 2.564440670980876
y_pos_initial = 50.25039880826522
z_pos_initial = 36.579911520000365
x_vel_initial = 8.206204690446377
y_vel_initial = -7.4405899124612676
z_vel_initial = -2.482787214964869
num_bounces = 20
