gravity = 10.0
x_pos_initial = 11.986852763051422
y_pos_initial = 75.8026165886033
z_pos_initial = 9.151471964548138
x_vel_initial = -3.309261176100911
y_vel_initial = 7.063553816707778
z_vel_initial = -5.615247517902156