gravity = 0.5
x_pos_initial = 45.192318284381386
y_pos_initial = 27.595486563783812
z_pos_initial = 22.341142135691147
x_vel_initial = -0.029630354139264625
y_vel_initial = 6.350095067779236
z_vel_initial = -6.31664064780616