gravity = 0.0
x_pos_initial = 63.22501703814888
y_pos_initial = 81.26828870943172
z_pos_initial = 48.555764286897855
x_vel_initial = -0.5429248130318971
y_vel_initial = -5.6276272400453
z_vel_initial = 6.393560178528702