gravity = 0.0
x_pos_initial = 10.81958048425169
y_pos_initial = 43.413256410314624
z_pos_initial = 13.376684151949444
x_vel_initial = 8.941162846540475
y_vel_initial = 7.55469275887576
z_vel_initial = 3.888838277704691
num_bounces = 2
