gravity = 0.0
x_pos_initial = 42.14471638352879
y_pos_initial = 17.498962631851636
z_pos_initial = 50.82814517229649
x_vel_initial = -3.129665510471683
y_vel_initial = 7.40628010714757
z_vel_initial = -4.535205894891734