gravity = 10.0
x_pos_initial = 19.679084591215425
y_pos_initial = 34.572275044109986
z_pos_initial = 9.136149457911076
x_vel_initial = 7.034441082603742
y_vel_initial = 1.3651961222526303
z_vel_initial = -1.4782518183154245
num_bounces = 7
