gravity = 0.0
x_pos_initial = 47.83813532529938
y_pos_initial = 74.35268619781465
z_pos_initial = 67.13019004621239
x_vel_initial = 2.30077087240773
y_vel_initial = 9.049295931328444
z_vel_initial = -7.401388590735841
num_bounces = 3
