gravity = 0.5
x_pos_initial = 30.306281027668128
y_pos_initial = 8.95346697072808
z_pos_initial = 17.659528214969924
x_vel_initial = -7.480414027815375
y_vel_initial = -9.401552872956636
z_vel_initial = 3.473011181675762