gravity = 0.0
x_pos_initial = 64.37339907382095
y_pos_initial = 38.11552638422287
z_pos_initial = 27.053397306257246
x_vel_initial = 0.7667101900587934
y_vel_initial = -3.765440088595313
z_vel_initial = 9.442457146924053
num_bounces = 2
