gravity = 0.5
x_pos_initial = 41.90608452147001
y_pos_initial = 51.42597384572939
z_pos_initial = 48.916882232545746
x_vel_initial = 8.294745357839684
y_vel_initial = 0.1365394946287939
z_vel_initial = -2.0839185181184856
num_bounces = 15
