gravity = 0.0
x_pos_initial = 91.75396430891617
y_pos_initial = 92.62826098156759
z_pos_initial = 27.20083616821533
x_vel_initial = -2.882981293678969
y_vel_initial = 8.638512033484872
z_vel_initial = 9.323008025177632
num_bounces = 3
