gravity = 0.0
x_pos_initial = 56.035360570512346
y_pos_initial = 71.6578624980456
z_pos_initial = 36.306560279396194
x_vel_initial = 6.71466401816345
y_vel_initial = 0.2696107307855087
z_vel_initial = -5.07358483678737