gravity = 0.0
x_pos_initial = 22.83058350842337
y_pos_initial = 56.600128001595635
z_pos_initial = 3.717131090995352
x_vel_initial = -3.8902713733584537
y_vel_initial = 8.366977469140405
z_vel_initial = -2.1271435084157915
num_bounces = 3
