gravity = 10.0
x_pos_initial = 45.430552322620514
y_pos_initial = 45.16138314013515
z_pos_initial = 86.16955662090388
x_vel_initial = -5.426144888120152
y_vel_initial = -8.708452902508023
z_vel_initial = 6.53832998509284
num_bounces = 7
