gravity = 0.0
x_pos_initial = 6.673369499720111
y_pos_initial = 80.1538359965142
z_pos_initial = 25.37961968146389
x_vel_initial = 4.206741834803651
y_vel_initial = 2.880084785748167
z_vel_initial = 6.3534121901952005