gravity = 10.0
x_pos_initial = 54.19579219510666
y_pos_initial = 37.4636546823077
z_pos_initial = 92.88961899282373
x_vel_initial = 7.261659119272846
y_vel_initial = -9.745823265978895
z_vel_initial = 6.717068284222876
num_bounces = 8
