gravity = 0.5
x_pos_initial = 8.744976741213865
y_pos_initial = 55.568484019443865
z_pos_initial = 51.27728663973688
x_vel_initial = -4.752415230724737
y_vel_initial = 8.318198105430351
z_vel_initial = 4.483637548075325
num_bounces = 23
