gravity = 0.0
x_pos_initial = 56.08643054258824
y_pos_initial = 83.91696021769226
z_pos_initial = 98.88014990582869
x_vel_initial = -4.591371017062915
y_vel_initial = -7.536745439920885
z_vel_initial = -8.812670898018927
num_bounces = 3
