gravity = 10.0
x_pos_initial = 88.92004910810667
y_pos_initial = 81.89276405290342
z_pos_initial = 84.39214259643506
x_vel_initial = 5.634698927438976
y_vel_initial = 5.892177024104043
z_vel_initial = 2.2043627757372146