gravity = 10.0
x_pos_initial = 13.630236313222463
y_pos_initial = 39.02445912386911
z_pos_initial = 19.306604280607182
x_vel_initial = 9.765019971455516
y_vel_initial = 8.965546018780653
z_vel_initial = -0.5410341085932284
num_bounces = 6
