gravity = 0.5
x_pos_initial = 96.24645921017162
y_pos_initial = 41.417732567937726
z_pos_initial = 20.802758652606492
x_vel_initial = 9.286255244118802
y_vel_initial = -0.4820149403398073
z_vel_initial = 4.3724669025605465