gravity = 0.0
x_pos_initial = 61.806081394949864
y_pos_initial = 25.853686211437566
z_pos_initial = 26.284444693128634
x_vel_initial = -4.07313629504691
y_vel_initial = -0.9266842244121349
z_vel_initial = 0.42150935655440946
num_bounces = 1
