gravity = 10.0
x_pos_initial = 62.11687828439089
y_pos_initial = 8.311629620119065
z_pos_initial = 86.18575829315677
x_vel_initial = -1.4064466575234658
y_vel_initial = -8.63034240532024
z_vel_initial = 7.544179584685903
num_bounces = 4
