gravity = 0.0
x_pos_initial = 62.06944708926999
y_pos_initial = 30.884268030669812
z_pos_initial = 40.46113242023176
x_vel_initial = -4.304556122414438
y_vel_initial = -1.6733751113611834
z_vel_initial = -5.1661014845950515