gravity = 10.0
x_pos_initial = 19.993263707450417
y_pos_initial = 50.57865667819038
z_pos_initial = 75.57923265316732
x_vel_initial = -2.889301178404004
y_vel_initial = 6.099077808269566
z_vel_initial = -9.56071207765455
num_bounces = 7
