gravity = 10.0
x_pos_initial = 30.62731666861309
y_pos_initial = 23.16378966660702
z_pos_initial = 2.708530016019394
x_vel_initial = 7.3424047663195005
y_vel_initial = -1.5597107366415077
z_vel_initial = 3.5897160348882977