gravity = 0.5
x_pos_initial = 21.075332793496013
y_pos_initial = 17.28997912520545
z_pos_initial = 8.72756572279508
x_vel_initial = -3.502981924710568
y_vel_initial = -9.142983958009507
z_vel_initial = -7.072176326797819
num_bounces = 18
