gravity = 0.0
x_pos_initial = 27.32735418675135
y_pos_initial = 51.91926422144632
z_pos_initial = 83.47486846396417
x_vel_initial = -3.9260834594644223
y_vel_initial = -5.176063257822071
z_vel_initial = -4.322620621695714
num_bounces = 2
