gravity = 10.0
x_pos_initial = 8.728175666680873
y_pos_initial = 55.05104104822042
z_pos_initial = 67.38040857588938
x_vel_initial = -8.143327920733409
y_vel_initial = 6.753937251574836
z_vel_initial = -3.225769388018982
num_bounces = 7
