gravity = 10.0
x_pos_initial = 64.18248758475733
y_pos_initial = 91.20102915998604
z_pos_initial = 20.69646163785661
x_vel_initial = 4.9138892619274035
y_vel_initial = -0.7688931606483571
z_vel_initial = -3.4014506272195533