gravity = 0.0
x_pos_initial = 69.21835876701022
y_pos_initial = 70.05092126328664
z_pos_initial = 65.65743900746241
x_vel_initial = -8.624896466937859
y_vel_initial = -5.220091296021133
z_vel_initial = -1.4350072743838087
num_bounces = 2
