gravity = 0.5
x_pos_initial = 11.238919360705026
y_pos_initial = 80.7796970553056
z_pos_initial = 5.5278298268812565
x_vel_initial = -6.4121286147540335
y_vel_initial = 7.9529954811338435
z_vel_initial = -1.437511875219105