gravity = 10.0
x_pos_initial = 37.6111526683401
y_pos_initial = 35.070444963719915
z_pos_initial = 62.585760092430476
x_vel_initial = -2.5156976670791877
y_vel_initial = -5.757084500660633
z_vel_initial = -2.557808174471189