gravity = 0.0
x_pos_initial = 31.858196438108727
y_pos_initial = 8.230666601936171
z_pos_initial = 47.17427606877448
x_vel_initial = -4.090498495835944
y_vel_initial = -9.544625935836654
z_vel_initial = 1.1624330540920287