gravity = 0.0
x_pos_initial = 2.567197851575343
y_pos_initial = 6.436704139279919
z_pos_initial = 47.329139990350825
x_vel_initial = 7.31006522008202
y_vel_initial = 0.3521400664307013
z_vel_initial = -3.5831435024682703
num_bounces = 2
