gravity = 0.5
x_pos_initial = 13.17253285002921
y_pos_initial = 72.68576436504327
z_pos_initial = 94.69398997212615
x_vel_initial = -4.5854266519486115
y_vel_initial = -8.622249110406019
z_vel_initial = 2.90922636715632
num_bounces = 21
