gravity = 0.0
x_pos_initial = 51.064599983866295
y_pos_initial = 36.15395579069246
z_pos_initial = 68.41300496960416
x_vel_initial = 9.66230490819284
y_vel_initial = 1.1791789042502376
z_vel_initial = -5.740646997323027
num_bounces = 3
