gravity = 0.5
x_pos_initial = 95.44045334361127
y_pos_initial = 69.6075967303408
z_pos_initial = 1.9686050184678474
x_vel_initial = -6.230092682783059
y_vel_initial = -8.549696682145871
z_vel_initial = 3.7389459587496994
num_bounces = 19
