gravity = 0.5
x_pos_initial = 62.58491001860107
y_pos_initial = 25.919938267470854
z_pos_initial = 44.672556775159215
x_vel_initial = 4.275058629143722
y_vel_initial = 5.6225108406645266
z_vel_initial = 0.3035281701196819