gravity = 10.0
x_pos_initial = 86.8912983502097
y_pos_initial = 30.330653159723266
z_pos_initial = 84.6497099859777
x_vel_initial = -9.663070346410343
y_vel_initial = 5.434322172501599
z_vel_initial = -3.131689454815092