gravity = 0.0
x_pos_initial = 60.18325391323023
y_pos_initial = 7.325616137666863
z_pos_initial = 51.388174385005335
x_vel_initial = 6.404839075272669
y_vel_initial = 9.581679221372966
z_vel_initial = 7.668461523140984