gravity = 0.5
x_pos_initial = 44.13648324068403
y_pos_initial = 68.05210499019675
z_pos_initial = 34.89515112527458
x_vel_initial = 3.9866821852129064
y_vel_initial = -5.604261217519978
z_vel_initial = 7.922178830896755
num_bounces = 21
