gravity = 0.0
x_pos_initial = 8.380856929124283
y_pos_initial = 52.07970957505857
z_pos_initial = 55.04391145583673
x_vel_initial = -3.992090852763683
y_vel_initial = 9.674710218317067
z_vel_initial = -2.728315521462992