gravity = 0.5
x_pos_initial = 93.54470986969434
y_pos_initial = 60.03231477397195
z_pos_initial = 13.206324025226287
x_vel_initial = 7.412129532255761
y_vel_initial = -4.729990602373941
z_vel_initial = -9.267517181740029