gravity = 0.5
x_pos_initial = 64.21801283241312
y_pos_initial = 94.35064967952889
z_pos_initial = 21.74647764019569
x_vel_initial = 3.8967672935741433
y_vel_initial = 6.502631179389606
z_vel_initial = -1.4505209836063688