gravity = 0.5
x_pos_initial = 26.47076952586223
y_pos_initial = 43.299158569096406
z_pos_initial = 96.05861817425131
x_vel_initial = 8.42663500712466
y_vel_initial = -4.444448564340226
z_vel_initial = -9.517301178040801
num_bounces = 18
