gravity = 10.0
x_pos_initial = 9.558578660584796
y_pos_initial = 19.401298579565236
z_pos_initial = 89.77974114801422
x_vel_initial = 0.631893401552567
y_vel_initial = -9.207944920314013
z_vel_initial = -2.978930218009136