gravity = 0.0
x_pos_initial = 8.085260640340687
y_pos_initial = 30.9101848591705
z_pos_initial = 98.01823615404852
x_vel_initial = 0.08993936634375643
y_vel_initial = 2.0566520578067085
z_vel_initial = -0.19177704016680153
num_bounces = 0
