gravity = 0.0
x_pos_initial = 91.27705512502875
y_pos_initial = 85.43616725402673
z_pos_initial = 22.70169870036397
x_vel_initial = -6.077652184284036
y_vel_initial = -2.458979490705631
z_vel_initial = -7.792422658270213
num_bounces = 3
