gravity = 10.0
x_pos_initial = 68.15572879712613
y_pos_initial = 81.82516209569505
z_pos_initial = 82.14402280976195
x_vel_initial = 0.7729669068015319
y_vel_initial = 0.5769404127280637
z_vel_initial = -4.486340662090457
num_bounces = 6
