gravity = 0.0
x_pos_initial = 75.06324315547594
y_pos_initial = 74.15060344473069
z_pos_initial = 72.44306423481996
x_vel_initial = 6.89465364725087
y_vel_initial = -7.353715859440017
z_vel_initial = 3.33294419254074