gravity = 0.0
x_pos_initial = 87.8746971211467
y_pos_initial = 30.507619683139144
z_pos_initial = 98.67275397129515
x_vel_initial = 7.234083023532218
y_vel_initial = 5.452607186574873
z_vel_initial = -4.960361891989112
num_bounces = 3
