gravity = 0.0
x_pos_initial = 28.39020025551108
y_pos_initial = 96.66474892535359
z_pos_initial = 43.125652218343916
x_vel_initial = 9.503117918924548
y_vel_initial = -9.374887320097315
z_vel_initial = 2.6800712393096386