gravity = 0.0
x_pos_initial = 9.899004934520441
y_pos_initial = 74.7144731994967
z_pos_initial = 23.854578274279433
x_vel_initial = -4.0965457266472285
y_vel_initial = 6.554549230272059
z_vel_initial = 8.80379324295465