gravity = 0.0
x_pos_initial = 17.991977927602946
y_pos_initial = 65.68329291939915
z_pos_initial = 46.699129867948955
x_vel_initial = -2.5966410637274535
y_vel_initial = -3.309953922528565
z_vel_initial = 3.0895817473041802
num_bounces = 2
