gravity = 0.0
x_pos_initial = 91.44777607176118
y_pos_initial = 26.288483158713433
z_pos_initial = 45.487495627831244
x_vel_initial = -6.204410907928427
y_vel_initial = -3.835570932287802
z_vel_initial = 3.4098031178875097