gravity = 0.0
x_pos_initial = 80.79992097699507
y_pos_initial = 90.88914611667407
z_pos_initial = 10.8187644111167
x_vel_initial = -9.078617580380092
y_vel_initial = 7.8387668708815745
z_vel_initial = -3.1412305950732033
num_bounces = 4
