gravity = 0.0
x_pos_initial = 8.7264377300685
y_pos_initial = 76.95889825544732
z_pos_initial = 3.873037346121156
x_vel_initial = 0.37315850669878614
y_vel_initial = -6.353823746808928
z_vel_initial = -6.419212183470226