gravity = 0.0
x_pos_initial = 15.408652469108658
y_pos_initial = 23.310664685860967
z_pos_initial = 70.89595782939169
x_vel_initial = -4.308877335586168
y_vel_initial = 6.8216380578307145
z_vel_initial = -1.0162614992442922
num_bounces = 2
