gravity = 10.0
x_pos_initial = 1.6756300923003762
y_pos_initial = 31.411865193982905
z_pos_initial = 46.27502098209267
x_vel_initial = -6.945522336668162
y_vel_initial = 5.397746810120587
z_vel_initial = -5.360041895136161
num_bounces = 8
