gravity = 10.0
x_pos_initial = 83.92834886982428
y_pos_initial = 70.00973515441405
z_pos_initial = 64.92520469831378
x_vel_initial = 0.8656978461667784
y_vel_initial = 2.51988301193027
z_vel_initial = -2.449153627106469