gravity = 0.0
x_pos_initial = 45.25747875285869
y_pos_initial = 8.42798229178866
z_pos_initial = 57.815087601113376
x_vel_initial = 5.871944489297034
y_vel_initial = -9.002822475726534
z_vel_initial = -3.4321971277722847
num_bounces = 4
