gravity = 0.0
x_pos_initial = 61.31721772740554
y_pos_initial = 53.759135216466845
z_pos_initial = 46.63207013651182
x_vel_initial = -0.8365057692034714
y_vel_initial = -4.961335511657211
z_vel_initial = 7.999990899381029