gravity = 0.5
x_pos_initial = 52.925598222610475
y_pos_initial = 39.852302405207084
z_pos_initial = 4.9292739207507195
x_vel_initial = -1.6830629979289835
y_vel_initial = 0.07098295486808581
z_vel_initial = -9.2877900207177
num_bounces = 18
