gravity = 0.5
x_pos_initial = 34.316016934889596
y_pos_initial = 78.80615111055711
z_pos_initial = 56.62978490834649
x_vel_initial = -8.163579610283486
y_vel_initial = 8.785396157710707
z_vel_initial = 9.959298523815438
num_bounces = 25
