gravity = 0.5
x_pos_initial = 34.3132462368457
y_pos_initial = 25.88101162853023
z_pos_initial = 41.124835300546685
x_vel_initial = 0.9161121862529296
y_vel_initial = -5.0683840280545835
z_vel_initial = -1.4778126714946698