gravity = 0.5
x_pos_initial = 92.6429156943809
y_pos_initial = 8.389925044049576
z_pos_initial = 74.33456412000339
x_vel_initial = 7.101414768558989
y_vel_initial = 2.1944143253051536
z_vel_initial = 9.810668551700182