gravity = 0.5
x_pos_initial = 60.995417417818956
y_pos_initial = 9.809525139654665
z_pos_initial = 33.44373671502711
x_vel_initial = 6.116918731726013
y_vel_initial = 9.94456253720887
z_vel_initial = 7.524245649475571