gravity = 0.0
x_pos_initial = 87.84266505144343
y_pos_initial = 37.95004740450753
z_pos_initial = 98.80048391349078
x_vel_initial = -6.8149778557298575
y_vel_initial = 9.298801482698764
z_vel_initial = -9.939526169830302
num_bounces = 3
