gravity = 10.0
x_pos_initial = 18.501266249887145
y_pos_initial = 62.933993547125866
z_pos_initial = 79.37916116552553
x_vel_initial = 1.191623522275986
y_vel_initial = -4.810657273564292
z_vel_initial = -9.800623746875406
num_bounces = 5
