gravity = 0.5
x_pos_initial = 35.44345574872433
y_pos_initial = 59.66596998753672
z_pos_initial = 56.71041251945093
x_vel_initial = 9.88067868905489
y_vel_initial = -5.811681685565774
z_vel_initial = -7.709508393261746
num_bounces = 17
