gravity = 0.5
x_pos_initial = 48.93743562979504
y_pos_initial = 22.335163452986556
z_pos_initial = 81.77222062776305
x_vel_initial = 0.2916970264862435
y_vel_initial = 0.8114548621189961
z_vel_initial = -9.660055300277174