gravity = 10.0
x_pos_initial = 82.5405003510971
y_pos_initial = 39.10076234354573
z_pos_initial = 92.2794213814414
x_vel_initial = -0.8943995205425903
y_vel_initial = 4.863073862554604
z_vel_initial = 9.250133076996217
num_bounces = 7
