gravity = 0.5
x_pos_initial = 30.7276641949305
y_pos_initial = 38.50696934196021
z_pos_initial = 29.0724905154471
x_vel_initial = 7.397466705195381
y_vel_initial = 8.500118952938745
z_vel_initial = 0.34093982738610507