gravity = 0.5
x_pos_initial = 96.06608668487831
y_pos_initial = 56.56924257919106
z_pos_initial = 89.46785188299457
x_vel_initial = 0.9712454044844048
y_vel_initial = -6.633136599400288
z_vel_initial = 8.628467987758103
num_bounces = 21
