gravity = 0.0
x_pos_initial = 78.12744570184343
y_pos_initial = 12.200788158740297
z_pos_initial = 84.820958089183
x_vel_initial = 1.599989613084027
y_vel_initial = 0.9009842297001498
z_vel_initial = -9.885776667513131
num_bounces = 2
