gravity = 10.0
x_pos_initial = 0.35008247235778267
y_pos_initial = 48.1556091507226
z_pos_initial = 31.665538398998994
x_vel_initial = -7.234502964592348
y_vel_initial = 2.3188878989898996
z_vel_initial = -1.5957047421996151
num_bounces = 7
