gravity = 10.0
x_pos_initial = 76.39833735550317
y_pos_initial = 58.20154921117844
z_pos_initial = 28.846445505542242
x_vel_initial = -1.817638923723118
y_vel_initial = 5.2467608559712815
z_vel_initial = -0.17748557576102542