gravity = 0.0
x_pos_initial = 25.469862988430382
y_pos_initial = 69.77310856982336
z_pos_initial = 56.775077267227175
x_vel_initial = 5.956520385411544
y_vel_initial = -0.7278193864793625
z_vel_initial = -4.880032606588063