gravity = 0.0
x_pos_initial = 29.99654805474538
y_pos_initial = 77.49745576216338
z_pos_initial = 75.85274267381321
x_vel_initial = 2.0644308743937962
y_vel_initial = -1.2843647487029077
z_vel_initial = 9.1163513151605
num_bounces = 2
