gravity = 0.0
x_pos_initial = 96.66238154636865
y_pos_initial = 86.77672198748682
z_pos_initial = 4.388940972627588
x_vel_initial = -9.34614306725763
y_vel_initial = -1.4644310527043753
z_vel_initial = -5.283866910595386