gravity = 0.5
x_pos_initial = 83.95081283590402
y_pos_initial = 89.5706445540381
z_pos_initial = 5.530163133254744
x_vel_initial = -4.818733265356925
y_vel_initial = 8.119471072336928
z_vel_initial = -7.014372634332299
num_bounces = 18
