gravity = 0.0
x_pos_initial = 99.83880827739914
y_pos_initial = 56.37760276407575
z_pos_initial = 63.465709372024854
x_vel_initial = -6.934493841794195
y_vel_initial = -9.296875367330307
z_vel_initial = 8.600042568284248
num_bounces = 4
