gravity = 0.5
x_pos_initial = 97.90795243707494
y_pos_initial = 58.29874346994955
z_pos_initial = 38.1220873883643
x_vel_initial = 9.63556845214626
y_vel_initial = -8.824821737061932
z_vel_initial = -7.462857238500154