gravity = 10.0
x_pos_initial = 68.97582107666254
y_pos_initial = 34.30331450256679
z_pos_initial = 26.983289312409333
x_vel_initial = -1.1072692504056594
y_vel_initial = 9.896122773252486
z_vel_initial = 6.08620647768025
num_bounces = 6
