gravity = 10.0
x_pos_initial = 80.75098324508096
y_pos_initial = 15.117638388636701
z_pos_initial = 0.7488310533918612
x_vel_initial = 9.454867708122364
y_vel_initial = 8.554066848445107
z_vel_initial = 6.557011455866242