gravity = 0.0
x_pos_initial = 9.749609502786722
y_pos_initial = 41.71286190395458
z_pos_initial = 66.61771119816781
x_vel_initial = -6.298408329158305
y_vel_initial = 5.322334016873169
z_vel_initial = -3.126768826949043
num_bounces = 2
