gravity = 10.0
x_pos_initial = 87.717226605107
y_pos_initial = 40.662853342754275
z_pos_initial = 76.90553140124943
x_vel_initial = 6.0418494702635925
y_vel_initial = -1.8852268302686834
z_vel_initial = 4.944869063012058
num_bounces = 7
