gravity = 0.5
x_pos_initial = 60.88117458404522
y_pos_initial = 75.09752848200023
z_pos_initial = 29.14500525410194
x_vel_initial = -6.70753137334289
y_vel_initial = -3.2215985469803794
z_vel_initial = -4.2471641343896795