gravity = 0.5
x_pos_initial = 95.05785235326282
y_pos_initial = 16.776843122393316
z_pos_initial = 37.226945563185566
x_vel_initial = 1.7085779028040804
y_vel_initial = -0.6804553750566935
z_vel_initial = 1.633707363109849