gravity = 10.0
x_pos_initial = 45.1328248192756
y_pos_initial = 47.01858864031956
z_pos_initial = 43.584480010628035
x_vel_initial = -0.4410751115218581
y_vel_initial = -7.541311080847681
z_vel_initial = 1.0048135043105404