gravity = 0.0
x_pos_initial = 74.42540801881893
y_pos_initial = 53.792536072146746
z_pos_initial = 4.301933544220052
x_vel_initial = 8.41677412434981
y_vel_initial = -0.6590648475892369
z_vel_initial = 8.45624125437146