gravity = 10.0
x_pos_initial = 25.054356859430353
y_pos_initial = 5.950252274832883
z_pos_initial = 42.04132841363012
x_vel_initial = 1.1660530182093805
y_vel_initial = -5.42550161388252
z_vel_initial = -9.463256987539806
num_bounces = 4
