gravity = 0.5
x_pos_initial = 0.8208839718838269
y_pos_initial = 99.49855354241029
z_pos_initial = 98.60121426313901
x_vel_initial = 9.16321836917777
y_vel_initial = 4.632093274430353
z_vel_initial = -4.235845487938184