gravity = 0.0
x_pos_initial = 18.426715738603566
y_pos_initial = 41.85112068778666
z_pos_initial = 19.900802436486142
x_vel_initial = 1.4011360182219121
y_vel_initial = 7.306895925360163
z_vel_initial = 7.358125417850889
num_bounces = 2
