gravity = 10.0
x_pos_initial = 69.4681605228939
y_pos_initial = 8.50990519498373
z_pos_initial = 0.435003049784222
x_vel_initial = -9.494686792678904
y_vel_initial = -3.889635851229067
z_vel_initial = 7.802694828688683
num_bounces = 3
