gravity = 10.0
x_pos_initial = 18.096920038418595
y_pos_initial = 13.43357442665937
z_pos_initial = 70.59008821230539
x_vel_initial = -4.526736872754719
y_vel_initial = -8.757857980423339
z_vel_initial = -9.970691068866058