gravity = 0.0
x_pos_initial = 84.86319961682915
y_pos_initial = 58.74422041956438
z_pos_initial = 48.77935118513103
x_vel_initial = 3.4422096125280213
y_vel_initial = -1.4603799150409813
z_vel_initial = 7.319919172161217
num_bounces = 2
