gravity = 10.0
x_pos_initial = 63.761409215254034
y_pos_initial = 92.6076041352537
z_pos_initial = 28.77560593383393
x_vel_initial = -4.188359330571865
y_vel_initial = 8.371926066150973
z_vel_initial = 6.761483913609862