gravity = 0.5
x_pos_initial = 29.703726805447562
y_pos_initial = 38.08236425775786
z_pos_initial = 99.85364401007332
x_vel_initial = 0.1558525610593069
y_vel_initial = -8.301695961590884
z_vel_initial = -3.2810854274112877