gravity = 10.0
x_pos_initial = 15.415657146376846
y_pos_initial = 97.73542567171346
z_pos_initial = 32.559937938166655
x_vel_initial = -9.97793260525373
y_vel_initial = -0.03794837765583914
z_vel_initial = -1.8020437059919239
num_bounces = 7
