gravity = 0.0
x_pos_initial = 55.42718370354838
y_pos_initial = 86.60909247585519
z_pos_initial = 73.35756127453861
x_vel_initial = 6.2933160737806695
y_vel_initial = 4.493424037775057
z_vel_initial = -6.039306154356712