gravity = 0.0
x_pos_initial = 29.94390440454593
y_pos_initial = 3.6834217725766747
z_pos_initial = 63.36279654392585
x_vel_initial = 3.514290129043591
y_vel_initial = -5.8061080365625335
z_vel_initial = -3.7742176312746887
num_bounces = 2
