gravity = 0.0
x_pos_initial = 39.02614974309929
y_pos_initial = 62.11541314041753
z_pos_initial = 43.560757783176555
x_vel_initial = -4.475829593187718
y_vel_initial = 1.2980605025965222
z_vel_initial = -5.327021286609182
num_bounces = 2
