gravity = 0.5
x_pos_initial = 84.26585155297862
y_pos_initial = 36.93342402859172
z_pos_initial = 54.139870782914215
x_vel_initial = -4.1302789279103775
y_vel_initial = 3.031785298233979
z_vel_initial = -8.459658319274325
num_bounces = 20
