gravity = 10.0
x_pos_initial = 49.289862198434214
y_pos_initial = 2.9977142398887486
z_pos_initial = 83.89704316639643
x_vel_initial = 9.998869040028428
y_vel_initial = -4.619974107877557
z_vel_initial = -4.162602417849764
num_bounces = 3
