gravity = 10.0
x_pos_initial = 58.245977375972885
y_pos_initial = 22.54105177787119
z_pos_initial = 72.13490564677753
x_vel_initial = -0.10076800098850924
y_vel_initial = 3.7906836909586143
z_vel_initial = 5.464940450655787
num_bounces = 4
