gravity = 0.0
x_pos_initial = 5.259199717955217
y_pos_initial = 42.11064597336004
z_pos_initial = 14.200938539381644
x_vel_initial = -8.604108083606944
y_vel_initial = -2.6995375894021194
z_vel_initial = -6.357987708938808