gravity = 0.0
x_pos_initial = 32.34809391553305
y_pos_initial = 44.54064495443578
z_pos_initial = 44.02388286546463
x_vel_initial = -8.122481952361996
y_vel_initial = 9.877761879117905
z_vel_initial = -5.900625304295721