gravity = 0.5
x_pos_initial = 29.829932695678945
y_pos_initial = 46.6018859654257
z_pos_initial = 41.851317724148345
x_vel_initial = 0.7077782181056698
y_vel_initial = -4.342892451160166
z_vel_initial = -7.290425729796647