gravity = 0.0
x_pos_initial = 67.74932844622899
y_pos_initial = 11.861027765817196
z_pos_initial = 90.91629153928554
x_vel_initial = 1.6282137000304928
y_vel_initial = 9.719160397524455
z_vel_initial = 8.655248399406652
num_bounces = 3
