gravity = 0.5
x_pos_initial = 31.097201388386694
y_pos_initial = 75.49101612432642
z_pos_initial = 85.02627836334959
x_vel_initial = -2.19541353205123
y_vel_initial = -8.843663777403659
z_vel_initial = 6.303618821528129