gravity = 0.0
x_pos_initial = 38.690378044660584
y_pos_initial = 5.2590646229821285
z_pos_initial = 90.31302505207744
x_vel_initial = 2.1631030271466223
y_vel_initial = -9.20913213284539
z_vel_initial = 4.3263069545876505
num_bounces = 3
