gravity = 0.5
x_pos_initial = 48.75682421437228
y_pos_initial = 88.82792215412555
z_pos_initial = 16.936935540864077
x_vel_initial = -1.0159417117566036
y_vel_initial = -1.9776569258248227
z_vel_initial = -0.5463027899995154