gravity = 0.5
x_pos_initial = 61.495167182701294
y_pos_initial = 1.036885677030221
z_pos_initial = 77.58013508917374
x_vel_initial = -7.993672328073966
y_vel_initial = 7.898627216719547
z_vel_initial = 7.932457627166933
num_bounces = 7
