gravity = 0.0
x_pos_initial = 44.521716331890445
y_pos_initial = 30.774377977096282
z_pos_initial = 35.99141446352662
x_vel_initial = -6.980592117968264
y_vel_initial = -4.942203578149893
z_vel_initial = 5.393046063144155
num_bounces = 3
