gravity = 10.0
x_pos_initial = 50.33888559556168
y_pos_initial = 5.185279647785746
z_pos_initial = 55.90444115114311
x_vel_initial = 6.321122413132386
y_vel_initial = 6.2047787648691255
z_vel_initial = -7.871736298603048