gravity = 0.0
x_pos_initial = 13.921762378708014
y_pos_initial = 13.45386166401501
z_pos_initial = 16.66152250305819
x_vel_initial = 5.032557887574317
y_vel_initial = 5.194939501419302
z_vel_initial = -9.754323518831955
num_bounces = 4
