gravity = 0.0
x_pos_initial = 76.91601994097043
y_pos_initial = 19.646613788187985
z_pos_initial = 31.877276620486025
x_vel_initial = -3.1923322209652207
y_vel_initial = -2.1797656121266122
z_vel_initial = 1.4727094118362807