gravity = 0.5
x_pos_initial = 26.44771891480814
y_pos_initial = 9.779690236043681
z_pos_initial = 79.1241006476391
x_vel_initial = -3.9788212876284046
y_vel_initial = 1.1507123187749215
z_vel_initial = 9.171381906528847