gravity = 10.0
x_pos_initial = 14.298353525272423
y_pos_initial = 46.45169367834106
z_pos_initial = 88.46759741955917
x_vel_initial = 7.216702052084802
y_vel_initial = -8.334633777625447
z_vel_initial = 2.0732648746317395