gravity = 0.0
x_pos_initial = 47.63866460479739
y_pos_initial = 90.8971898084363
z_pos_initial = 65.42618415201788
x_vel_initial = -2.5475829155712226
y_vel_initial = 8.000665538738655
z_vel_initial = 8.838862456546856
num_bounces = 5
