gravity = 0.5
x_pos_initial = 39.073191521785894
y_pos_initial = 48.54919235066666
z_pos_initial = 61.95854430987298
x_vel_initial = -5.464402575644855
y_vel_initial = 1.0358240790453923
z_vel_initial = -3.4292706056416984
num_bounces = 21
