gravity = 0.0
x_pos_initial = 49.826024999928215
y_pos_initial = 80.8815799090615
z_pos_initial = 24.466381463018912
x_vel_initial = -4.730177858977271
y_vel_initial = 7.110333987724811
z_vel_initial = -9.47855053785092