gravity = 0.0
x_pos_initial = 34.851361509485585
y_pos_initial = 12.895481306239974
z_pos_initial = 62.55714083691951
x_vel_initial = -5.498590800376657
y_vel_initial = 1.0774844479990797
z_vel_initial = -9.516010425952661
num_bounces = 2
