gravity = 0.5
x_pos_initial = 51.06707548353306
y_pos_initial = 61.03539234475397
z_pos_initial = 16.43651463431664
x_vel_initial = 8.980015627880508
y_vel_initial = 1.7796279310729712
z_vel_initial = -2.8893579881604294