gravity = 0.5
x_pos_initial = 77.04279628404267
y_pos_initial = 31.18358323843431
z_pos_initial = 45.6323549686606
x_vel_initial = 2.9395895311281013
y_vel_initial = 4.554637582132353
z_vel_initial = 6.837411437161958
num_bounces = 17
