gravity = 0.0
x_pos_initial = 67.27485213874189
y_pos_initial = 56.82871290284826
z_pos_initial = 86.49573681409416
x_vel_initial = 6.80374418556368
y_vel_initial = 9.63361883941791
z_vel_initial = 1.2262140483187096
num_bounces = 4
