gravity = 0.0
x_pos_initial = 73.96367675561152
y_pos_initial = 40.50003326044565
z_pos_initial = 36.20013124939868
x_vel_initial = 3.7844443863321953
y_vel_initial = -1.4913360703394236
z_vel_initial = 4.160033293207139