gravity = 0.0
x_pos_initial = 87.20277215502485
y_pos_initial = 35.332974437342074
z_pos_initial = 2.187300748883667
x_vel_initial = 2.7792876273833826
y_vel_initial = -2.704343772608838
z_vel_initial = 4.472639927566551
num_bounces = 2
