gravity = 10.0
x_pos_initial = 92.49022897435914
y_pos_initial = 8.448909026073668
z_pos_initial = 86.2555731717265
x_vel_initial = -3.9032831506646524
y_vel_initial = -5.523714714851222
z_vel_initial = 6.3657150235278515