gravity = 0.0
x_pos_initial = 35.68438190601594
y_pos_initial = 97.7614352568714
z_pos_initial = 69.25927140105114
x_vel_initial = -4.684272492944799
y_vel_initial = -0.6987777546731042
z_vel_initial = -6.280995103777828