gravity = 0.0
x_pos_initial = 50.09868107225966
y_pos_initial = 63.55185081668122
z_pos_initial = 48.32839038313065
x_vel_initial = -4.210107711140963
y_vel_initial = 2.378123909733123
z_vel_initial = 7.306199634592463
num_bounces = 3
