gravity = 0.0
x_pos_initial = 94.501215336211
y_pos_initial = 5.617727379768897
z_pos_initial = 18.431419869996315
x_vel_initial = -9.166294935917577
y_vel_initial = -5.9107928586222505
z_vel_initial = 4.77924905479755
num_bounces = 3
