gravity = 0.0
x_pos_initial = 5.460490709186793
y_pos_initial = 72.06855323061126
z_pos_initial = 64.94138294862334
x_vel_initial = 1.4869967530580652
y_vel_initial = 8.554500837400148
z_vel_initial = -4.301492332771865