gravity = 10.0
x_pos_initial = 30.311700613746186
y_pos_initial = 11.533162766866015
z_pos_initial = 96.8096810480808
x_vel_initial = -1.57853094079171
y_vel_initial = 2.302298612289569
z_vel_initial = 3.6828968553751835
num_bounces = 5
