gravity = 0.5
x_pos_initial = 34.65531426364416
y_pos_initial = 28.847899973073307
z_pos_initial = 34.75046944685339
x_vel_initial = 2.056869651315507
y_vel_initial = -3.112450018628593
z_vel_initial = -0.8169006061167643