gravity = 10.0
x_pos_initial = 0.7881269057752655
y_pos_initial = 46.39540993267115
z_pos_initial = 65.00375520512237
x_vel_initial = -7.0889927811704965
y_vel_initial = -8.830864049530796
z_vel_initial = -0.16420135708825434
num_bounces = 7
