gravity = 0.0
x_pos_initial = 23.5755310906883
y_pos_initial = 88.33468227871673
z_pos_initial = 51.31862344316189
x_vel_initial = 4.265174077545209
y_vel_initial = -8.883197334789843
z_vel_initial = -9.678443731830246