gravity = 0.0
x_pos_initial = 14.63683965816767
y_pos_initial = 65.50867785850424
z_pos_initial = 14.555986943935455
x_vel_initial = 2.0127428810720573
y_vel_initial = -4.350588120919724
z_vel_initial = 4.025823806026052