gravity = 10.0
x_pos_initial = 23.703892055176382
y_pos_initial = 9.726448076266538
z_pos_initial = 30.107167643331167
x_vel_initial = -4.715542745769806
y_vel_initial = -0.5321374655323314
z_vel_initial = -1.0081064094811385
num_bounces = 2
