gravity = 0.0
x_pos_initial = 69.88846198987237
y_pos_initial = 33.14163237352919
z_pos_initial = 93.64980682020047
x_vel_initial = -0.7058776444834454
y_vel_initial = -4.943565218490051
z_vel_initial = -2.023692009400315
num_bounces = 1
