gravity = 0.0
x_pos_initial = 23.232028167443072
y_pos_initial = 99.53545732546154
z_pos_initial = 72.19500886375954
x_vel_initial = 4.831766825441736
y_vel_initial = -0.11345492231811605
z_vel_initial = 4.5181158280022835
num_bounces = 2
