gravity = 0.0
x_pos_initial = 85.84943756096173
y_pos_initial = 84.32946472499141
z_pos_initial = 12.11937061863115
x_vel_initial = 8.492150502245646
y_vel_initial = -1.3945558410751975
z_vel_initial = -8.23066370926464