gravity = 10.0
x_pos_initial = 5.32958500805014
y_pos_initial = 61.32606205665414
z_pos_initial = 43.4591800246651
x_vel_initial = -2.3536753195467064
y_vel_initial = -9.005680727829944
z_vel_initial = -6.868509395434719
num_bounces = 6
