gravity = 10.0
x_pos_initial = 94.04017610229918
y_pos_initial = 2.5849377684528467
z_pos_initial = 23.11005758822459
x_vel_initial = -4.8747876720081855
y_vel_initial = 0.8233107986912689
z_vel_initial = 8.64171506726457