gravity = 10.0
x_pos_initial = 85.77456464009809
y_pos_initial = 83.3402523239534
z_pos_initial = 3.155166458597008
x_vel_initial = -4.090502834408484
y_vel_initial = -9.4120046576306
z_vel_initial = -5.685362881579514