gravity = 0.0
x_pos_initial = 33.79581247757223
y_pos_initial = 26.318096965698768
z_pos_initial = 6.0531999517639
x_vel_initial = 9.438294200415317
y_vel_initial = 1.5566900968722024
z_vel_initial = 1.2998413058398341