gravity = 10.0
x_pos_initial = 48.30883242581942
y_pos_initial = 11.295569908812498
z_pos_initial = 69.9278047225779
x_vel_initial = -3.0098277912157236
y_vel_initial = -9.946933629758334
z_vel_initial = 5.220606377260987
num_bounces = 5
