gravity = 0.0
x_pos_initial = 2.6369008068586384
y_pos_initial = 48.724396045091
z_pos_initial = 11.284526629261487
x_vel_initial = -0.6233890428704658
y_vel_initial = 0.7634425698397536
z_vel_initial = 0.5867122446118795