gravity = 0.0
x_pos_initial = 52.678323143124814
y_pos_initial = 5.40106369152822
z_pos_initial = 70.83415984736341
x_vel_initial = 6.323876118021161
y_vel_initial = -1.7452028429274673
z_vel_initial = 0.5950743340581326