gravity = 0.5
x_pos_initial = 81.28997433969735
y_pos_initial = 66.77077240941068
z_pos_initial = 28.686471515118285
x_vel_initial = 7.480368312421053
y_vel_initial = 4.49926872006675
z_vel_initial = 9.916282054173696