gravity = 10.0
x_pos_initial = 27.54780561339097
y_pos_initial = 2.095834888586205
z_pos_initial = 8.540352875576813
x_vel_initial = 4.173164879186212
y_vel_initial = -9.593823119650265
z_vel_initial = -2.8509820180525622
num_bounces = 4
