gravity = 0.0
x_pos_initial = 0.7858111872983012
y_pos_initial = 96.48737336950481
z_pos_initial = 80.03469618097442
x_vel_initial = 9.861137891541098
y_vel_initial = 2.2518001634553233
z_vel_initial = -9.314171281700578