gravity = 0.5
x_pos_initial = 27.30489604744746
y_pos_initial = 45.617071040221596
z_pos_initial = 67.07195031865422
x_vel_initial = 4.4663855908002645
y_vel_initial = -5.734929809394684
z_vel_initial = 3.481383069838097
num_bounces = 21
