gravity = 0.0
x_pos_initial = 15.594681990908432
y_pos_initial = 62.35327557156579
z_pos_initial = 28.667756484905855
x_vel_initial = 2.1130920145375445
y_vel_initial = -0.8587607070707168
z_vel_initial = -6.889091588335241