gravity = 0.5
x_pos_initial = 6.219511545644964
y_pos_initial = 0.18953520536524815
z_pos_initial = 42.521142422786355
x_vel_initial = -8.663870660341402
y_vel_initial = 8.809314884766248
z_vel_initial = -3.3410542242740755
num_bounces = 7
