gravity = 0.0
x_pos_initial = 5.265594776495522
y_pos_initial = 66.36384956702334
z_pos_initial = 45.83497580548649
x_vel_initial = -9.020743252288854
y_vel_initial = 5.509848899401902
z_vel_initial = 8.388344963316197