gravity = 0.0
x_pos_initial = 40.00742331063926
y_pos_initial = 93.73163327612755
z_pos_initial = 77.12481666778271
x_vel_initial = -6.3669477945908675
y_vel_initial = 5.757133982170053
z_vel_initial = -2.501662270986719
num_bounces = 2
