gravity = 0.0
x_pos_initial = 3.559379263287841
y_pos_initial = 69.20819603226498
z_pos_initial = 60.370680917625165
x_vel_initial = -6.5140797677939934
y_vel_initial = 2.4256451267002603
z_vel_initial = 4.555539747071842
num_bounces = 4
