gravity = 0.5
x_pos_initial = 38.967651449303894
y_pos_initial = 26.762872149952774
z_pos_initial = 52.4420031879875
x_vel_initial = -6.4644415604185035
y_vel_initial = -6.788222180857701
z_vel_initial = -2.47367113408891