gravity = 0.5
x_pos_initial = 54.05289004252881
y_pos_initial = 46.265698025657905
z_pos_initial = 77.65337565320506
x_vel_initial = -1.8849193763126681
y_vel_initial = 0.0713459465448878
z_vel_initial = -5.133695933667622