gravity = 0.0
x_pos_initial = 65.13464776801834
y_pos_initial = 47.26985651883198
z_pos_initial = 12.979101525094485
x_vel_initial = 4.2676622042882215
y_vel_initial = 2.1490022462889087
z_vel_initial = 6.822013897609235