gravity = 0.0
x_pos_initial = 76.64746370208795
y_pos_initial = 78.67375010936283
z_pos_initial = 96.9232674199968
x_vel_initial = 7.594388119032573
y_vel_initial = 1.3262349295170122
z_vel_initial = 2.7393862406778453
num_bounces = 4
