gravity = 0.0
x_pos_initial = 24.704260355439473
y_pos_initial = 94.51030979762841
z_pos_initial = 91.9465468732617
x_vel_initial = -7.567922787864412
y_vel_initial = 2.7839385640665384
z_vel_initial = -2.943384003200533
num_bounces = 3
