gravity = 10.0
x_pos_initial = 91.74900770253291
y_pos_initial = 32.052730439356424
z_pos_initial = 21.262841297948903
x_vel_initial = 4.2610939745487
y_vel_initial = -6.73529227289849
z_vel_initial = -8.823107306391636