gravity = 10.0
x_pos_initial = 46.53989719334496
y_pos_initial = 0.5880248173358918
z_pos_initial = 76.22004434481306
x_vel_initial = 3.0624397399613326
y_vel_initial = 1.8619141873590355
z_vel_initial = 0.5921104519115374
num_bounces = 2
