gravity = 0.0
x_pos_initial = 24.737390877744716
y_pos_initial = 33.79281483145773
z_pos_initial = 38.40178627611385
x_vel_initial = -7.8620781584367165
y_vel_initial = 4.24511070935146
z_vel_initial = 4.642832960447084
num_bounces = 4
