gravity = 0.5
x_pos_initial = 60.56476382700946
y_pos_initial = 49.583006200488256
z_pos_initial = 28.007829330661796
x_vel_initial = 7.351088578785507
y_vel_initial = 0.7882985028273968
z_vel_initial = -2.273791984412039
num_bounces = 21
