gravity = 0.5
x_pos_initial = 56.471414008445144
y_pos_initial = 82.12488282900681
z_pos_initial = 57.949239013044014
x_vel_initial = -4.193370128170429
y_vel_initial = -4.390427067347463
z_vel_initial = -5.75625679686313
num_bounces = 23
