gravity = 0.0
x_pos_initial = 84.51551484798165
y_pos_initial = 98.91318846443434
z_pos_initial = 97.109521794145
x_vel_initial = -8.967326884380878
y_vel_initial = 6.371205838576255
z_vel_initial = 7.120393021717749