gravity = 0.5
x_pos_initial = 9.981875645929938
y_pos_initial = 16.442023210789216
z_pos_initial = 80.00734306432048
x_vel_initial = 6.845000826147729
y_vel_initial = 4.526179921210877
z_vel_initial = -4.6706138176260374