gravity = 0.5
x_pos_initial = 34.70945700542908
y_pos_initial = 47.032578334537796
z_pos_initial = 24.542904569380934
x_vel_initial = 0.45001270084206446
y_vel_initial = 2.350105913076627
z_vel_initial = -8.410655827263055