gravity = 0.0
x_pos_initial = 89.48462651891835
y_pos_initial = 34.135367238880136
z_pos_initial = 51.125074124728286
x_vel_initial = -8.980201527796714
y_vel_initial = 9.657459507759445
z_vel_initial = -0.14665924974174338