gravity = 0.0
x_pos_initial = 72.13100625308552
y_pos_initial = 65.89318871945298
z_pos_initial = 60.19985447554847
x_vel_initial = -6.241920414050565
y_vel_initial = -9.26782390209778
z_vel_initial = 0.04478345364745451
num_bounces = 2
