gravity = 0.0
x_pos_initial = 57.10517218023925
y_pos_initial = 17.83002259565499
z_pos_initial = 29.271581088309016
x_vel_initial = -5.885069667371604
y_vel_initial = 7.96824958894954
z_vel_initial = 4.678417870072213
num_bounces = 3
