gravity = 10.0
x_pos_initial = 26.36447167886986
y_pos_initial = 5.135802511116589
z_pos_initial = 65.33692042726663
x_vel_initial = 4.285184015144466
y_vel_initial = -2.136851596482307
z_vel_initial = -5.858976551337836
num_bounces = 3
