gravity = 0.0
x_pos_initial = 62.896617738796365
y_pos_initial = 96.70161166517893
z_pos_initial = 95.57033072625109
x_vel_initial = 8.117918113795547
y_vel_initial = 3.8665415190903545
z_vel_initial = -2.876109485401707
num_bounces = 2
