gravity = 0.5
x_pos_initial = 35.63131309950299
y_pos_initial = 10.403473351241239
z_pos_initial = 2.4737350239006757
x_vel_initial = 9.366326792993583
y_vel_initial = -0.8919040784058421
z_vel_initial = 5.452002454343003
num_bounces = 10
