gravity = 0.5
x_pos_initial = 5.886145774171885
y_pos_initial = 93.72004691549353
z_pos_initial = 34.29414864149396
x_vel_initial = -6.210971429065308
y_vel_initial = -6.34414418527374
z_vel_initial = -1.3153870936120953
num_bounces = 21
