gravity = 0.5
x_pos_initial = 87.30069162963397
y_pos_initial = 73.1128345905465
z_pos_initial = 99.34747822736354
x_vel_initial = 8.30308199916928
y_vel_initial = 2.014357439125874
z_vel_initial = 5.887635524506649
num_bounces = 23
