gravity = 10.0
x_pos_initial = 35.5470021455207
y_pos_initial = 64.93679619684721
z_pos_initial = 30.490121311174995
x_vel_initial = 6.365224770881138
y_vel_initial = 2.6747344828830357
z_vel_initial = 1.6476328223957282
num_bounces = 7
