gravity = 10.0
x_pos_initial = 83.40668094200282
y_pos_initial = 57.45046224935787
z_pos_initial = 60.679832774866746
x_vel_initial = 9.591918694460066
y_vel_initial = -7.312876744262181
z_vel_initial = -3.2722019694455717
num_bounces = 7
