gravity = 0.0
x_pos_initial = 63.92036379401266
y_pos_initial = 17.652985681336787
z_pos_initial = 41.84118792633786
x_vel_initial = 7.072043666661774
y_vel_initial = -2.6290111767524333
z_vel_initial = 3.4298936866496774