gravity = 0.5
x_pos_initial = 40.244414181180154
y_pos_initial = 20.30294412600909
z_pos_initial = 33.37068399510427
x_vel_initial = -7.165486206449266
y_vel_initial = -5.459929383622602
z_vel_initial = -0.2622509970027309