gravity = 0.5
x_pos_initial = 75.56544967201594
y_pos_initial = 46.33769334956161
z_pos_initial = 47.473810229525725
x_vel_initial = 9.584788460267482
y_vel_initial = -3.00901553651849
z_vel_initial = -4.17157714540066