gravity = 0.0
x_pos_initial = 28.29200023787713
y_pos_initial = 68.98569809952737
z_pos_initial = 8.01733769105964
x_vel_initial = 4.806109539813253
y_vel_initial = 7.93474364413186
z_vel_initial = 1.0603497130420525