gravity = 0.5
x_pos_initial = 45.08120838226363
y_pos_initial = 29.08163686124781
z_pos_initial = 5.161034807028422
x_vel_initial = 4.407534453963976
y_vel_initial = -0.34463194864036417
z_vel_initial = -8.581710776613026
num_bounces = 17
