gravity = 0.0
x_pos_initial = 60.86220720699924
y_pos_initial = 89.52852869183697
z_pos_initial = 99.55815409524735
x_vel_initial = 9.1485559974479
y_vel_initial = 1.761057820134809
z_vel_initial = 1.34331151582011
num_bounces = 4
