gravity = 10.0
x_pos_initial = 51.83907505285915
y_pos_initial = 54.13462430705221
z_pos_initial = 55.76123449714071
x_vel_initial = 1.4139413457472703
y_vel_initial = 5.7376502432164
z_vel_initial = 3.299273565789079
num_bounces = 6
