gravity = 10.0
x_pos_initial = 90.13629713654042
y_pos_initial = 84.016694430737
z_pos_initial = 55.137624289281774
x_vel_initial = -4.443535360470232
y_vel_initial = -2.6352506476275366
z_vel_initial = 0.4508794708065125