gravity = 10.0
x_pos_initial = 77.03539554836557
y_pos_initial = 42.422630511704654
z_pos_initial = 91.94805400749507
x_vel_initial = 6.505904072029395
y_vel_initial = -2.228410865479078
z_vel_initial = 0.5978775672146774