gravity = 10.0
x_pos_initial = 25.207172604778368
y_pos_initial = 62.30262665869152
z_pos_initial = 18.053884062215126
x_vel_initial = 1.1160738183840984
y_vel_initial = -2.689716547888686
z_vel_initial = 9.619458491287865