gravity = 0.5
x_pos_initial = 46.578885101671666
y_pos_initial = 59.128602848175134
z_pos_initial = 87.70554802322017
x_vel_initial = 4.872059119875978
y_vel_initial = -5.310498788722757
z_vel_initial = -1.8908798692906519