gravity = 0.5
x_pos_initial = 73.14706384835524
y_pos_initial = 10.78720682377725
z_pos_initial = 2.6464305466955254
x_vel_initial = -5.354100894351559
y_vel_initial = 9.832887531418535
z_vel_initial = 0.8434422426623431