gravity = 0.5
x_pos_initial = 88.35810709546585
y_pos_initial = 13.770602752438494
z_pos_initial = 10.82579040557179
x_vel_initial = -1.3423040823478178
y_vel_initial = -9.370532441828335
z_vel_initial = -4.246839967812298