gravity = 0.5
x_pos_initial = 24.026182326524324
y_pos_initial = 47.01784472862772
z_pos_initial = 86.24538044014781
x_vel_initial = 8.023419326851577
y_vel_initial = 4.314750568596356
z_vel_initial = 9.649837838993385
num_bounces = 22
