gravity = 0.5
x_pos_initial = 85.04773838279
y_pos_initial = 45.78577692564487
z_pos_initial = 6.897501124862583
x_vel_initial = -2.5013192913301365
y_vel_initial = -8.480210694805661
z_vel_initial = 1.5108008332564111