gravity = 10.0
x_pos_initial = 70.40964098828186
y_pos_initial = 2.406102185070802
z_pos_initial = 77.04759580267068
x_vel_initial = -5.699679579572271
y_vel_initial = 0.5140298400809762
z_vel_initial = -2.3870539702908484