gravity = 0.5
x_pos_initial = 65.42801015212929
y_pos_initial = 39.863085798724306
z_pos_initial = 60.60877391059706
x_vel_initial = -8.16735662429213
y_vel_initial = -0.5620414167280803
z_vel_initial = 4.637382735917786