gravity = 0.0
x_pos_initial = 93.01863522466867
y_pos_initial = 76.57363816669746
z_pos_initial = 62.2406770523757
x_vel_initial = -7.969676670553852
y_vel_initial = 8.607856863372081
z_vel_initial = -4.057164743157771