gravity = 0.0
x_pos_initial = 20.100816884011685
y_pos_initial = 97.28615112331468
z_pos_initial = 71.3406993165274
x_vel_initial = 6.236032078841777
y_vel_initial = 0.6808888349785782
z_vel_initial = 4.297186360920481
num_bounces = 3
