gravity = 0.5
x_pos_initial = 37.41983183773667
y_pos_initial = 91.94034514474703
z_pos_initial = 90.07696347473575
x_vel_initial = -5.417066457628904
y_vel_initial = -6.556673746735431
z_vel_initial = 4.610387228994492
num_bounces = 21
