gravity = 10.0
x_pos_initial = 59.259631917115435
y_pos_initial = 58.07006026526495
z_pos_initial = 42.675781064367605
x_vel_initial = -4.582145136483143
y_vel_initial = 4.197252026822705
z_vel_initial = -0.7529444903252624