gravity = 0.5
x_pos_initial = 70.80026420831265
y_pos_initial = 8.154270928909854
z_pos_initial = 13.220404353029606
x_vel_initial = -2.2034772460717003
y_vel_initial = 9.560897022466804
z_vel_initial = 7.6335234450769605
num_bounces = 12
