gravity = 0.5
x_pos_initial = 91.12177505250725
y_pos_initial = 38.159340086279855
z_pos_initial = 63.75516379881199
x_vel_initial = 9.014461133025332
y_vel_initial = 8.33290727393722
z_vel_initial = -2.9064961792955355