gravity = 0.5
x_pos_initial = 88.23366039013553
y_pos_initial = 31.19470765910854
z_pos_initial = 99.1806817869072
x_vel_initial = -8.06556560460328
y_vel_initial = 0.9136537799988762
z_vel_initial = 0.011496126596959755
num_bounces = 17
