gravity = 0.0
x_pos_initial = 88.49600429529467
y_pos_initial = 64.61900725892818
z_pos_initial = 16.096535212636084
x_vel_initial = 6.949591196878497
y_vel_initial = 7.982495897922288
z_vel_initial = -7.682737481394289
num_bounces = 5
