gravity = 0.5
x_pos_initial = 64.41184419394861
y_pos_initial = 81.23190550749577
z_pos_initial = 99.63696996820975
x_vel_initial = 5.398754999491652
y_vel_initial = -6.3989623824942505
z_vel_initial = 8.269048287856965
num_bounces = 25
