gravity = 0.0
x_pos_initial = 12.891466498458762
y_pos_initial = 65.01265833197054
z_pos_initial = 46.11100158322149
x_vel_initial = -7.0909368859304065
y_vel_initial = -9.103498792452685
z_vel_initial = -3.6134084167557443