gravity = 0.0
x_pos_initial = 39.002832721880196
y_pos_initial = 16.401181237711132
z_pos_initial = 63.1092472794998
x_vel_initial = 7.298471363951823
y_vel_initial = 6.503409062285204
z_vel_initial = -9.888433161646532