gravity = 0.0
x_pos_initial = 60.27594110230917
y_pos_initial = 18.11827865786428
z_pos_initial = 30.78137844055744
x_vel_initial = 8.24154337016255
y_vel_initial = 5.862575675355982
z_vel_initial = -1.3778016728457505