gravity = 0.0
x_pos_initial = 63.54341455477336
y_pos_initial = 15.564335333313538
z_pos_initial = 44.339435952871945
x_vel_initial = 2.617859101585097
y_vel_initial = 8.434466458312357
z_vel_initial = -6.677816753138276