gravity = 0.0
x_pos_initial = 5.4577066210092795
y_pos_initial = 80.08039469147225
z_pos_initial = 43.83362121499512
x_vel_initial = -5.701712375088586
y_vel_initial = 5.403516204884866
z_vel_initial = 9.936032155339149