gravity = 0.5
x_pos_initial = 89.21512576966855
y_pos_initial = 16.378932313029452
z_pos_initial = 51.48102333387028
x_vel_initial = -0.358738835284905
y_vel_initial = 0.6414397725846754
z_vel_initial = 9.179859018632637