gravity = 0.5
x_pos_initial = 55.98686343538139
y_pos_initial = 14.732359481929423
z_pos_initial = 98.55597400526938
x_vel_initial = -4.685064521504134
y_vel_initial = -7.276936843780561
z_vel_initial = -7.230780372055804