gravity = 0.5
x_pos_initial = 87.49753839703587
y_pos_initial = 65.34963753952462
z_pos_initial = 7.257620406133518
x_vel_initial = 8.537800958380735
y_vel_initial = 8.29254091067601
z_vel_initial = -2.3902279218878917