gravity = 0.0
x_pos_initial = 88.79687408086843
y_pos_initial = 91.01461998429157
z_pos_initial = 86.642576141954
x_vel_initial = -7.7425143337486215
y_vel_initial = -4.228344726586807
z_vel_initial = -8.820850268708547
num_bounces = 2
