gravity = 0.5
x_pos_initial = 63.44562438304306
y_pos_initial = 74.0664539334063
z_pos_initial = 15.16832241294453
x_vel_initial = -4.863783502674847
y_vel_initial = 1.143628670460048
z_vel_initial = 3.798857207987531
num_bounces = 20
