gravity = 0.0
x_pos_initial = 7.6257982763345
y_pos_initial = 71.75254727793943
z_pos_initial = 66.46573317143975
x_vel_initial = 7.804928957787784
y_vel_initial = 3.8756842974790757
z_vel_initial = -8.472027587161985