gravity = 0.5
x_pos_initial = 52.71674794029222
y_pos_initial = 82.40748311225997
z_pos_initial = 43.78400440106829
x_vel_initial = -7.039739414426583
y_vel_initial = 6.896419498688093
z_vel_initial = -5.04102193932239