gravity = 10.0
x_pos_initial = 52.61012010786147
y_pos_initial = 77.51043207732657
z_pos_initial = 25.532012718916263
x_vel_initial = 6.978898967965389
y_vel_initial = -2.496118781870976
z_vel_initial = -2.8718974103837933
num_bounces = 8
