gravity = 0.0
x_pos_initial = 18.02444997217704
y_pos_initial = 45.370990594328084
z_pos_initial = 2.9132524812790628
x_vel_initial = -5.929823589711057
y_vel_initial = 3.735445585562241
z_vel_initial = 3.610926253026438