gravity = 0.0
x_pos_initial = 18.301139160137037
y_pos_initial = 6.884322840950861
z_pos_initial = 4.425807764278479
x_vel_initial = 0.36518219743776115
y_vel_initial = -9.18899540223007
z_vel_initial = -1.913236234772949
num_bounces = 3
