gravity = 0.0
x_pos_initial = 24.072905787628002
y_pos_initial = 37.91985825584054
z_pos_initial = 34.635049224656456
x_vel_initial = -3.630481219638269
y_vel_initial = -8.303740372394074
z_vel_initial = 8.409072501324864
num_bounces = 4
