gravity = 0.5
x_pos_initial = 12.641889770727666
y_pos_initial = 65.59608894589101
z_pos_initial = 43.10552899070332
x_vel_initial = 2.4724061443275875
y_vel_initial = 5.857868842022658
z_vel_initial = -0.9791128612921671