gravity = 0.5
x_pos_initial = 70.69796655993194
y_pos_initial = 4.0509298026124885
z_pos_initial = 8.617799889398892
x_vel_initial = -9.916742110137003
y_vel_initial = -7.931772218490151
z_vel_initial = 5.2281457967885245