gravity = 0.5
x_pos_initial = 4.97789364411188
y_pos_initial = 18.877510282447822
z_pos_initial = 9.575536139382052
x_vel_initial = -6.5074017446681705
y_vel_initial = -1.11317046370392
z_vel_initial = -1.2246498291388779