gravity = 0.0
x_pos_initial = 90.84857239016851
y_pos_initial = 92.41936057061237
z_pos_initial = 23.27947376453504
x_vel_initial = 6.894588342454547
y_vel_initial = -7.8189221528583435
z_vel_initial = 7.747985008251614
num_bounces = 4
