gravity = 0.0
x_pos_initial = 60.10058904135706
y_pos_initial = 80.09052686375547
z_pos_initial = 87.2895833153057
x_vel_initial = -3.970481621693036
y_vel_initial = -0.20410995615436534
z_vel_initial = -1.8167899264140335
num_bounces = 1
