gravity = 0.0
x_pos_initial = 56.94256650923053
y_pos_initial = 37.54861439049499
z_pos_initial = 32.00850449288035
x_vel_initial = -6.054157187167561
y_vel_initial = 2.406495305263899
z_vel_initial = -0.013990155457854314