gravity = 0.5
x_pos_initial = 41.29961931019023
y_pos_initial = 77.65931878513643
z_pos_initial = 50.58645694019134
x_vel_initial = -3.4263154060031553
y_vel_initial = -2.3182781392967264
z_vel_initial = 2.3263077792536677
num_bounces = 22
