gravity = 0.0
x_pos_initial = 91.31517181682709
y_pos_initial = 14.878145503741878
z_pos_initial = 45.24228385195185
x_vel_initial = 0.9268351874131682
y_vel_initial = -0.20796210035272367
z_vel_initial = 0.8153106799657319