gravity = 0.0
x_pos_initial = 93.93689929860328
y_pos_initial = 71.19915477689142
z_pos_initial = 97.0249687661557
x_vel_initial = -5.235145063072713
y_vel_initial = -6.283497931774356
z_vel_initial = -1.4490658708805615