gravity = 0.0
x_pos_initial = 16.269306551515484
y_pos_initial = 33.641455138535306
z_pos_initial = 11.73653605763235
x_vel_initial = 1.6756583559428364
y_vel_initial = -7.003612516303088
z_vel_initial = -2.9625894203210716
num_bounces = 2
