gravity = 0.0
x_pos_initial = 35.02333121215255
y_pos_initial = 76.04294796279487
z_pos_initial = 23.08302215111749
x_vel_initial = 3.761980537373507
y_vel_initial = -8.334386079253548
z_vel_initial = 7.103544409824998
num_bounces = 3
