gravity = 0.0
x_pos_initial = 12.363603143859061
y_pos_initial = 17.040182421163745
z_pos_initial = 75.77887893332502
x_vel_initial = 7.6712398426870045
y_vel_initial = 4.529573424115853
z_vel_initial = 7.707780425730707