gravity = 0.0
x_pos_initial = 93.40168767805363
y_pos_initial = 95.94719677396432
z_pos_initial = 81.34822844533238
x_vel_initial = 7.61236516184783
y_vel_initial = -3.743448070702007
z_vel_initial = 8.85109736437889