gravity = 0.5
x_pos_initial = 29.1689621597407
y_pos_initial = 31.66437769417921
z_pos_initial = 80.86502764922287
x_vel_initial = 4.481005920377278
y_vel_initial = 1.0533543224803736
z_vel_initial = -5.977470783214867