gravity = 0.0
x_pos_initial = 34.333744493386384
y_pos_initial = 56.53832195317657
z_pos_initial = 41.10534916207661
x_vel_initial = -0.67834581131976
y_vel_initial = 3.0612924575458074
z_vel_initial = -7.936973113451316