gravity = 0.0
x_pos_initial = 43.79296227940132
y_pos_initial = 86.30803569032581
z_pos_initial = 52.1318196726974
x_vel_initial = 4.194324546280098
y_vel_initial = 1.6113295929925755
z_vel_initial = -7.824730307733036