gravity = 0.5
x_pos_initial = 44.65242038884677
y_pos_initial = 44.60723442726154
z_pos_initial = 60.41800152687877
x_vel_initial = 5.890740163480201
y_vel_initial = -5.61893160169856
z_vel_initial = 7.046342241578852
num_bounces = 21
