gravity = 0.5
x_pos_initial = 62.71071140168332
y_pos_initial = 40.23100476346557
z_pos_initial = 9.262633499883806
x_vel_initial = -7.042411325444137
y_vel_initial = -0.4036731218072358
z_vel_initial = 8.465636379035058