gravity = 0.5
x_pos_initial = 3.1480664165030743
y_pos_initial = 54.17796378461373
z_pos_initial = 22.58112754589048
x_vel_initial = 9.961984425382806
y_vel_initial = -8.823102564982301
z_vel_initial = -0.7599565720541488