gravity = 0.0
x_pos_initial = 40.5881888295414
y_pos_initial = 35.1479108580699
z_pos_initial = 38.60963647376874
x_vel_initial = -6.306029362799988
y_vel_initial = 8.017172485357321
z_vel_initial = -4.229615232537177