gravity = 0.0
x_pos_initial = 53.03784383100933
y_pos_initial = 82.34576252599702
z_pos_initial = 37.75412977678938
x_vel_initial = -7.923736492532932
y_vel_initial = -3.6903810888754887
z_vel_initial = 0.9986311436086588