gravity = 0.0
x_pos_initial = 81.94154919186424
y_pos_initial = 13.006953477134676
z_pos_initial = 53.56061094480413
x_vel_initial = 1.3753523383208375
y_vel_initial = -1.9341267165527167
z_vel_initial = -5.105723099382843
num_bounces = 3
