gravity = 0.0
x_pos_initial = 65.71339782298772
y_pos_initial = 4.652531910322535
z_pos_initial = 5.454225495828938
x_vel_initial = -1.8657910547128758
y_vel_initial = -8.009277690013356
z_vel_initial = 3.780471171282109
num_bounces = 2
