gravity = 10.0
x_pos_initial = 15.872832060486628
y_pos_initial = 95.60814614880937
z_pos_initial = 20.621208230638835
x_vel_initial = -9.95809496687054
y_vel_initial = 2.96650967513696
z_vel_initial = -3.3215741149684996