gravity = 0.0
x_pos_initial = 31.40051844009347
y_pos_initial = 54.87007105713208
z_pos_initial = 30.780242618478425
x_vel_initial = 3.404758469536482
y_vel_initial = -7.5570395856676384
z_vel_initial = -5.5018295143411615
num_bounces = 2
