gravity = 0.0
x_pos_initial = 93.81027996407276
y_pos_initial = 14.886439569179007
z_pos_initial = 21.50541798643744
x_vel_initial = -8.687155699505698
y_vel_initial = -9.672757629240161
z_vel_initial = 9.493824827636075