gravity = 10.0
x_pos_initial = 89.5286740111286
y_pos_initial = 50.176880778686794
z_pos_initial = 23.361316014485396
x_vel_initial = -8.800727109123494
y_vel_initial = -8.734745820306891
z_vel_initial = -5.514462590662022
num_bounces = 7
