gravity = 0.0
x_pos_initial = 47.97660415669833
y_pos_initial = 35.5406884379877
z_pos_initial = 82.89240053584172
x_vel_initial = 1.7780436403477147
y_vel_initial = -8.304522769302064
z_vel_initial = -9.674904888104724
num_bounces = 3
