gravity = 10.0
x_pos_initial = 24.21664537930333
y_pos_initial = 75.89023600096701
z_pos_initial = 52.01313573621251
x_vel_initial = 5.029329850609949
y_vel_initial = -0.14336977160193243
z_vel_initial = 1.3240975510485633
num_bounces = 7
