gravity = 0.0
x_pos_initial = 55.02422693532384
y_pos_initial = 5.998831135435391
z_pos_initial = 87.96413684936097
x_vel_initial = -1.6079214281205658
y_vel_initial = -7.181762107174924
z_vel_initial = 3.6683878481055423
num_bounces = 3
