gravity = 10.0
x_pos_initial = 50.45435686774166
y_pos_initial = 29.489105351224477
z_pos_initial = 47.659353422729325
x_vel_initial = 8.308616684310124
y_vel_initial = 3.3381871445297637
z_vel_initial = -2.883079004573146