gravity = 0.5
x_pos_initial = 8.085096535841014
y_pos_initial = 18.37221012338213
z_pos_initial = 50.36514194819979
x_vel_initial = -5.197809194095273
y_vel_initial = -7.911721668625605
z_vel_initial = -7.723651922511499