gravity = 0.5
x_pos_initial = 36.09385935054181
y_pos_initial = 6.786289424717867
z_pos_initial = 68.83764819625044
x_vel_initial = 4.560416454447145
y_vel_initial = -5.273891821518554
z_vel_initial = 3.309123227171515