gravity = 0.0
x_pos_initial = 17.571483543909174
y_pos_initial = 48.81076757195965
z_pos_initial = 78.39477462884277
x_vel_initial = -6.268863231360227
y_vel_initial = 4.370013982947732
z_vel_initial = 8.632638362674548
num_bounces = 4
