gravity = 0.0
x_pos_initial = 57.29911887975155
y_pos_initial = 72.59178743131525
z_pos_initial = 15.278597123318873
x_vel_initial = 2.744133070122647
y_vel_initial = -5.026622386282156
z_vel_initial = 8.648476734054526
num_bounces = 3
