gravity = 0.0
x_pos_initial = 13.585204454525343
y_pos_initial = 18.57344206455133
z_pos_initial = 36.52104654633129
x_vel_initial = -6.22449226002067
y_vel_initial = 2.647961656570139
z_vel_initial = -8.429547758366647
num_bounces = 3
