gravity = 0.0
x_pos_initial = 61.086673492742996
y_pos_initial = 17.905442877796112
z_pos_initial = 34.614377940405795
x_vel_initial = -9.112296501370897
y_vel_initial = -1.4502766504435645
z_vel_initial = 9.219766009200455
num_bounces = 3
