gravity = 0.0
x_pos_initial = 94.62574933837234
y_pos_initial = 2.0590345236665186
z_pos_initial = 59.83086067039554
x_vel_initial = 4.683920682543652
y_vel_initial = -4.483327769181488
z_vel_initial = -6.443514138254681