gravity = 10.0
x_pos_initial = 81.66898892886141
y_pos_initial = 35.78607736321025
z_pos_initial = 88.59599966903208
x_vel_initial = -8.879580960286306
y_vel_initial = -5.057082572579543
z_vel_initial = 0.5929847591338682