gravity = 0.0
x_pos_initial = 29.43083081081812
y_pos_initial = 89.26833119198304
z_pos_initial = 83.99340331983518
x_vel_initial = 0.8905509826070865
y_vel_initial = 3.7326155799200205
z_vel_initial = 7.75768552191872