gravity = 0.5
x_pos_initial = 58.06349819695885
y_pos_initial = 32.97593051880634
z_pos_initial = 24.463569029532376
x_vel_initial = 8.992049312601143
y_vel_initial = -3.979519306148486
z_vel_initial = -9.463970350741171