gravity = 0.0
x_pos_initial = 44.1497844525127
y_pos_initial = 38.05376809077058
z_pos_initial = 97.44665791685567
x_vel_initial = 7.236009042901319
y_vel_initial = 6.549226726700557
z_vel_initial = 2.9842844953930268
num_bounces = 3
