gravity = 0.5
x_pos_initial = 36.8665095355498
y_pos_initial = 51.48082286630033
z_pos_initial = 42.39676056861105
x_vel_initial = -0.4073245904948539
y_vel_initial = 5.313098311772961
z_vel_initial = 7.117631249559874
num_bounces = 21
