gravity = 0.5
x_pos_initial = 97.34725633377771
y_pos_initial = 24.925388932854087
z_pos_initial = 80.53119377726642
x_vel_initial = 6.306593275692226
y_vel_initial = 5.445875178277607
z_vel_initial = -9.435105518629747
num_bounces = 16
