gravity = 0.5
x_pos_initial = 73.90583215073313
y_pos_initial = 20.817799973365346
z_pos_initial = 65.18271524737182
x_vel_initial = -1.2882328415452822
y_vel_initial = -9.077420749294749
z_vel_initial = 0.35180370037276276