gravity = 10.0
x_pos_initial = 4.416326718725746
y_pos_initial = 91.85236932481648
z_pos_initial = 97.33877321178181
x_vel_initial = -8.233301479079726
y_vel_initial = -8.107476177981392
z_vel_initial = 0.2937415393345475
num_bounces = 7
