gravity = 0.5
x_pos_initial = 17.97163827955655
y_pos_initial = 65.40428407472085
z_pos_initial = 18.111627702874717
x_vel_initial = 3.6222930444245804
y_vel_initial = -6.9684804362286545
z_vel_initial = 8.2391160590774
num_bounces = 17
