gravity = 0.0
x_pos_initial = 33.042015910150006
y_pos_initial = 5.131593692367102
z_pos_initial = 96.38645411678247
x_vel_initial = -3.6684488349069806
y_vel_initial = -6.841769846824867
z_vel_initial = -8.725243125183582
num_bounces = 4
