gravity = 0.5
x_pos_initial = 91.08350284857563
y_pos_initial = 49.09167198213313
z_pos_initial = 19.228869523523052
x_vel_initial = -2.110692223522906
y_vel_initial = 6.2231824878217665
z_vel_initial = 0.148095634332174
num_bounces = 20
