gravity = 10.0
x_pos_initial = 82.02909940563234
y_pos_initial = 66.25019767120659
z_pos_initial = 67.17057903890314
x_vel_initial = 4.614054030610767
y_vel_initial = -0.4459985885560176
z_vel_initial = -4.621129274282847