gravity = 0.0
x_pos_initial = 47.98516479589519
y_pos_initial = 30.52172442050566
z_pos_initial = 26.6319837552631
x_vel_initial = -6.213563885160136
y_vel_initial = 6.552057099845246
z_vel_initial = 6.388877364604468