gravity = 0.5
x_pos_initial = 3.9851306441050016
y_pos_initial = 16.722652637889944
z_pos_initial = 22.134869449801283
x_vel_initial = -6.257228840531382
y_vel_initial = 9.489163103830464
z_vel_initial = 4.579564050579291