gravity = 10.0
x_pos_initial = 4.241979606844315
y_pos_initial = 74.4930481122153
z_pos_initial = 42.17093385294675
x_vel_initial = -9.82283741608297
y_vel_initial = 0.8298259269886099
z_vel_initial = 8.53419288505998