gravity = 0.5
x_pos_initial = 44.73467854705525
y_pos_initial = 42.73387432300414
z_pos_initial = 18.083863440025727
x_vel_initial = 3.427894250734873
y_vel_initial = -7.574840321308859
z_vel_initial = -4.699049624864731