gravity = 10.0
x_pos_initial = 52.223595189340706
y_pos_initial = 23.503964086288295
z_pos_initial = 63.654170352348046
x_vel_initial = 7.392993160928924
y_vel_initial = 3.2011132466897756
z_vel_initial = 1.925912465525327