gravity = 0.0
x_pos_initial = 35.370359913753255
y_pos_initial = 24.222191701087983
z_pos_initial = 65.5396697966776
x_vel_initial = -9.103516163860935
y_vel_initial = 0.5817281909198062
z_vel_initial = 1.5668485809821675