gravity = 0.0
x_pos_initial = 3.6653374447741998
y_pos_initial = 21.12091738071398
z_pos_initial = 7.748935824081536
x_vel_initial = -2.714268050123189
y_vel_initial = -1.3117053493582436
z_vel_initial = 7.711774439920891