gravity = 0.0
x_pos_initial = 49.55797200363505
y_pos_initial = 9.176914019527896
z_pos_initial = 4.317459343384174
x_vel_initial = 8.585974404280755
y_vel_initial = -4.450834276926728
z_vel_initial = -5.577108096104275