gravity = 0.0
x_pos_initial = 48.82270348933949
y_pos_initial = 15.268027373222186
z_pos_initial = 83.65464791668236
x_vel_initial = 7.052632136929255
y_vel_initial = -5.974630662072471
z_vel_initial = 9.82674698152367