gravity = 10.0
x_pos_initial = 32.5739576353723
y_pos_initial = 20.762050908514286
z_pos_initial = 44.658679594455116
x_vel_initial = 9.530956559734765
y_vel_initial = -5.081901260885738
z_vel_initial = -9.520214199033175
num_bounces = 6
