gravity = 0.0
x_pos_initial = 20.407374904590036
y_pos_initial = 3.249059732698572
z_pos_initial = 6.103509376401558
x_vel_initial = 4.694983566170519
y_vel_initial = -3.9504743937904285
z_vel_initial = 1.7535727603232232