gravity = 0.5
x_pos_initial = 98.4528981620155
y_pos_initial = 23.047610547991248
z_pos_initial = 45.38104145105599
x_vel_initial = -6.103501068153138
y_vel_initial = -2.5475160921641944
z_vel_initial = -9.492641818199484