gravity = 0.0
x_pos_initial = 44.33408744228187
y_pos_initial = 34.08793835000529
z_pos_initial = 78.11301898859882
x_vel_initial = 8.663221356217853
y_vel_initial = 7.676546240651099
z_vel_initial = -3.7545273614627437