gravity = 0.0
x_pos_initial = 93.83387490446009
y_pos_initial = 92.15260736489523
z_pos_initial = 54.41507832345618
x_vel_initial = -7.9660561333321755
y_vel_initial = -0.015516698282780794
z_vel_initial = 0.9153204962591133
num_bounces = 1
