gravity = 0.0
x_pos_initial = 1.7224845246923006
y_pos_initial = 61.20211814049412
z_pos_initial = 20.901109357515658
x_vel_initial = -7.945276875743341
y_vel_initial = 5.933015434827832
z_vel_initial = 8.766922217057964