gravity = 0.0
x_pos_initial = 22.899401553560857
y_pos_initial = 32.42479705522909
z_pos_initial = 48.696137884022555
x_vel_initial = -4.236143462384256
y_vel_initial = 3.634835571857403
z_vel_initial = 4.012805981810624