gravity = 0.0
x_pos_initial = 97.2897660080877
y_pos_initial = 91.7027778131765
z_pos_initial = 75.97610347567722
x_vel_initial = -0.10165485675988606
y_vel_initial = 4.332633746291723
z_vel_initial = 3.021999109325229