gravity = 0.5
x_pos_initial = 21.178824691643907
y_pos_initial = 27.038470641642775
z_pos_initial = 87.6616560220933
x_vel_initial = 6.136079865054636
y_vel_initial = 6.754419855837494
z_vel_initial = -6.498831475460738