gravity = 10.0
x_pos_initial = 51.644668608037655
y_pos_initial = 62.50918879571021
z_pos_initial = 45.59299019087823
x_vel_initial = 5.268938454814384
y_vel_initial = -1.093239564938333
z_vel_initial = -7.731694992909