gravity = 0.0
x_pos_initial = 83.04571694458453
y_pos_initial = 40.59907984067575
z_pos_initial = 81.164549907217
x_vel_initial = -9.646641918927113
y_vel_initial = -4.062301830846431
z_vel_initial = 6.278039284264128