gravity = 10.0
x_pos_initial = 47.64035829485182
y_pos_initial = 23.352029292419825
z_pos_initial = 7.969982306113264
x_vel_initial = 1.4175669687936452
y_vel_initial = 3.075190494797255
z_vel_initial = -9.544998539084741