gravity = 0.0
x_pos_initial = 1.2539055523459794
y_pos_initial = 46.096852493735874
z_pos_initial = 44.31113297414532
x_vel_initial = -1.4053307573979996
y_vel_initial = -6.052996197025638
z_vel_initial = -0.035828181482163046
num_bounces = 2
