gravity = 0.0
x_pos_initial = 18.18988756578719
y_pos_initial = 18.999596204987693
z_pos_initial = 16.4144577628006
x_vel_initial = -5.280093053116303
y_vel_initial = 3.0278928750941567
z_vel_initial = -2.0796793820047306
num_bounces = 2
