gravity = 0.0
x_pos_initial = 42.20769251613807
y_pos_initial = 9.181642015781055
z_pos_initial = 99.89017952683432
x_vel_initial = -1.0597260963622528
y_vel_initial = -0.07685648230326336
z_vel_initial = 4.052600554175683