gravity = 0.0
x_pos_initial = 47.49272314731269
y_pos_initial = 11.989592924386896
z_pos_initial = 95.06458600227619
x_vel_initial = -7.393041825861458
y_vel_initial = -8.600708857005483
z_vel_initial = 8.326407569323422