gravity = 0.0
x_pos_initial = 44.87052559764473
y_pos_initial = 78.64311042105734
z_pos_initial = 25.404843366023975
x_vel_initial = -7.343157344504871
y_vel_initial = -2.8436693573273226
z_vel_initial = -6.921240982014719
num_bounces = 2
