gravity = 0.0
x_pos_initial = 60.630546932758975
y_pos_initial = 29.922331947109562
z_pos_initial = 22.568570158958433
x_vel_initial = -9.001757449960603
y_vel_initial = -8.999352551992782
z_vel_initial = -3.205895964895464