gravity = 0.0
x_pos_initial = 93.3726275245687
y_pos_initial = 26.046848393545176
z_pos_initial = 70.29663688665602
x_vel_initial = -8.355902069131654
y_vel_initial = 6.392640858348944
z_vel_initial = 5.034155749285681
num_bounces = 3
