gravity = 10.0
x_pos_initial = 70.50519617571346
y_pos_initial = 27.571854289570958
z_pos_initial = 94.49179708148112
x_vel_initial = -8.359584437703013
y_vel_initial = -0.702251449710678
z_vel_initial = -6.551734023554513
num_bounces = 5
