gravity = 0.0
x_pos_initial = 92.72020351636401
y_pos_initial = 50.1335631489092
z_pos_initial = 60.49974185847693
x_vel_initial = 1.7626372300792035
y_vel_initial = -9.76595845980626
z_vel_initial = 9.593882203967038
num_bounces = 5
