gravity = 0.0
x_pos_initial = 79.3620440548373
y_pos_initial = 76.65265727767871
z_pos_initial = 88.575460426219
x_vel_initial = -9.446117431913114
y_vel_initial = -2.7596583252224
z_vel_initial = 5.399838170454846