gravity = 0.5
x_pos_initial = 20.929660936494088
y_pos_initial = 52.22329648439935
z_pos_initial = 16.282165152052777
x_vel_initial = 5.439787299561074
y_vel_initial = 3.528850041828072
z_vel_initial = -4.742332196648021