gravity = 10.0
x_pos_initial = 9.80838083693548
y_pos_initial = 93.32938197017883
z_pos_initial = 9.58850011770963
x_vel_initial = -5.385372041690462
y_vel_initial = 9.657064233428919
z_vel_initial = -2.301121186029304
num_bounces = 7
