gravity = 0.0
x_pos_initial = 16.333451765313693
y_pos_initial = 89.78367337382872
z_pos_initial = 61.748572734685325
x_vel_initial = -6.880002569520526
y_vel_initial = -9.501792532093873
z_vel_initial = 9.41902729434183
num_bounces = 5
