gravity = 0.0
x_pos_initial = 88.28061562015478
y_pos_initial = 64.88673104051036
z_pos_initial = 39.43102188162772
x_vel_initial = -5.688656938311433
y_vel_initial = 0.3949479645152447
z_vel_initial = -9.407991812442365
num_bounces = 3
