gravity = 0.0
x_pos_initial = 54.478051754449005
y_pos_initial = 98.2896312824418
z_pos_initial = 4.829806485399295
x_vel_initial = 9.000164888443262
y_vel_initial = 5.694297956638952
z_vel_initial = -9.407091764265743
num_bounces = 5
