gravity = 0.5
x_pos_initial = 35.37245510615284
y_pos_initial = 74.8051616709861
z_pos_initial = 35.747877249412205
x_vel_initial = -6.608681309905406
y_vel_initial = -4.633374322191727
z_vel_initial = -5.074285335020912
num_bounces = 22
