gravity = 10.0
x_pos_initial = 36.71280372216614
y_pos_initial = 30.13233239548924
z_pos_initial = 25.537762789681054
x_vel_initial = -4.998454882593133
y_vel_initial = 7.762383022059648
z_vel_initial = 1.3909015924240151