gravity = 0.5
x_pos_initial = 57.0627210497537
y_pos_initial = 54.538865536264844
z_pos_initial = 6.253821300425144
x_vel_initial = 7.974159379776825
y_vel_initial = -6.830240199195961
z_vel_initial = 9.566781837917446