gravity = 0.5
x_pos_initial = 49.03031974698915
y_pos_initial = 6.6502969510685155
z_pos_initial = 30.049781570613995
x_vel_initial = 6.983150052494679
y_vel_initial = -6.150170807123597
z_vel_initial = -6.678420751097741