gravity = 0.5
x_pos_initial = 67.46977715425884
y_pos_initial = 7.325449888439903
z_pos_initial = 86.510319488067
x_vel_initial = 2.7452665761337194
y_vel_initial = 2.896525754055464
z_vel_initial = 9.787552702810391
num_bounces = 14
