gravity = 0.5
x_pos_initial = 44.497214940743646
y_pos_initial = 69.83939084044981
z_pos_initial = 98.95625143639244
x_vel_initial = -1.47544065985611
y_vel_initial = 2.5615651586948243
z_vel_initial = 4.218884369467128