gravity = 0.0
x_pos_initial = 19.593305341407806
y_pos_initial = 56.19285182192747
z_pos_initial = 58.26148688974132
x_vel_initial = -8.03246718206925
y_vel_initial = -0.9372435569653401
z_vel_initial = 7.4478923568789135
num_bounces = 3
