gravity = 0.0
x_pos_initial = 29.748113625273774
y_pos_initial = 75.01754251676029
z_pos_initial = 47.60844812310397
x_vel_initial = 4.300689134978434
y_vel_initial = -0.7202771133992929
z_vel_initial = 7.606760098549845