gravity = 0.5
x_pos_initial = 93.71855276188448
y_pos_initial = 91.55809512399054
z_pos_initial = 78.48074580081105
x_vel_initial = -8.14063523534836
y_vel_initial = -1.1061994043087626
z_vel_initial = -3.8239263247936286