gravity = 0.0
x_pos_initial = 79.09090612341836
y_pos_initial = 72.2347517583861
z_pos_initial = 54.817456904929976
x_vel_initial = 0.7458572119740197
y_vel_initial = 9.473050056258874
z_vel_initial = -0.6124239489204371
num_bounces = 2
