gravity = 0.5
x_pos_initial = 70.20321754180942
y_pos_initial = 33.80512743623346
z_pos_initial = 57.12085076235729
x_vel_initial = 1.520248617111788
y_vel_initial = 0.341355932690691
z_vel_initial = 6.177101693528762
num_bounces = 19
