gravity = 10.0
x_pos_initial = 18.34950481775329
y_pos_initial = 28.13956675948545
z_pos_initial = 42.311878295075616
x_vel_initial = 3.308200231117411
y_vel_initial = 8.421085647968976
z_vel_initial = -4.563237892851956
num_bounces = 4
