gravity = 0.5
x_pos_initial = 60.77021120446969
y_pos_initial = 63.39035221740654
z_pos_initial = 38.50153648312329
x_vel_initial = -0.6570037153768098
y_vel_initial = 5.663292301100057
z_vel_initial = -4.934420744073535