gravity = 0.5
x_pos_initial = 38.82686712439845
y_pos_initial = 82.44354427438091
z_pos_initial = 87.47398320754432
x_vel_initial = 4.075064152720593
y_vel_initial = 6.8147483573475185
z_vel_initial = 9.616381926553053