gravity = 0.5
x_pos_initial = 66.78185846909848
y_pos_initial = 4.322931702612291
z_pos_initial = 72.55882165578565
x_vel_initial = 0.5266092431304159
y_vel_initial = 5.787627658273905
z_vel_initial = 8.725505245789996
num_bounces = 10
