gravity = 0.5
x_pos_initial = 25.370596490819008
y_pos_initial = 10.224488590099952
z_pos_initial = 4.138261178329457
x_vel_initial = 7.713008534785839
y_vel_initial = 1.077754830475481
z_vel_initial = 4.60791869136075
num_bounces = 14
