gravity = 0.5
x_pos_initial = 70.0838669717555
y_pos_initial = 16.549276202763963
z_pos_initial = 13.42507078942849
x_vel_initial = 2.436459089427718
y_vel_initial = -2.3028943964294495
z_vel_initial = 6.158420338661525
num_bounces = 13
