gravity = 0.0
x_pos_initial = 53.95384849698215
y_pos_initial = 70.60598250525854
z_pos_initial = 97.80668780776826
x_vel_initial = 6.93653753617502
y_vel_initial = -5.129856061052275
z_vel_initial = -5.597114030190799