gravity = 10.0
x_pos_initial = 76.32865905424781
y_pos_initial = 20.74164677134083
z_pos_initial = 72.98065297480227
x_vel_initial = 6.911228502973003
y_vel_initial = 3.0698382386684937
z_vel_initial = 3.5489756908516803
num_bounces = 5
