gravity = 0.0
x_pos_initial = 34.680450465582645
y_pos_initial = 77.68432128767523
z_pos_initial = 1.5835278223363196
x_vel_initial = 4.628063988163641
y_vel_initial = 7.33018944947359
z_vel_initial = 4.673116471589891