gravity = 0.0
x_pos_initial = 61.7393285832316
y_pos_initial = 81.14216394692082
z_pos_initial = 8.847581628264583
x_vel_initial = -7.142038736875339
y_vel_initial = -4.878792629859841
z_vel_initial = 3.1989832977621866
num_bounces = 2
