gravity = 0.5
x_pos_initial = 78.21551796663645
y_pos_initial = 43.731733312249204
z_pos_initial = 94.3632756793279
x_vel_initial = 3.272268227740767
y_vel_initial = -9.28679295741003
z_vel_initial = -2.0697188066275256
num_bounces = 20
