gravity = 0.0
x_pos_initial = 2.795844548920988
y_pos_initial = 40.03137978731619
z_pos_initial = 99.73989972568525
x_vel_initial = -7.879003187526543
y_vel_initial = -7.4814517220513945
z_vel_initial = -6.917005425656056