gravity = 10.0
x_pos_initial = 97.16567978546152
y_pos_initial = 23.211002438625997
z_pos_initial = 61.91004145517163
x_vel_initial = -6.843008232413041
y_vel_initial = 9.023533267506302
z_vel_initial = -6.589556670294476
num_bounces = 5
