gravity = 0.0
x_pos_initial = 50.72561316213953
y_pos_initial = 32.70561942684385
z_pos_initial = 41.461736627894815
x_vel_initial = -9.64182245493131
y_vel_initial = 0.12215340107765904
z_vel_initial = -1.6663183514421647