gravity = 0.0
x_pos_initial = 68.89848552564496
y_pos_initial = 9.186607161909748
z_pos_initial = 69.1518054703941
x_vel_initial = -8.84554574957646
y_vel_initial = 0.9261597610618661
z_vel_initial = -2.2031483440690476