gravity = 0.0
x_pos_initial = 15.907771333357404
y_pos_initial = 15.65411859408941
z_pos_initial = 99.22380471276145
x_vel_initial = -2.9560088729781464
y_vel_initial = 0.830962856052448
z_vel_initial = 1.3702787625804689
num_bounces = 2
