gravity = 10.0
x_pos_initial = 28.18759363616566
y_pos_initial = 24.103977782205543
z_pos_initial = 90.86369656538379
x_vel_initial = -5.498906035275731
y_vel_initial = -2.5691521516033546
z_vel_initial = 6.966919871864004
num_bounces = 6
