gravity = 0.0
x_pos_initial = 78.36434038590225
y_pos_initial = 7.739027290271182
z_pos_initial = 5.737010878308226
x_vel_initial = 1.7454044576209995
y_vel_initial = 0.6415423897176016
z_vel_initial = -2.42399765138957