gravity = 0.0
x_pos_initial = 61.56354443032514
y_pos_initial = 8.301635361832851
z_pos_initial = 76.38142935368974
x_vel_initial = 2.0606970657139883
y_vel_initial = -2.255932660344987
z_vel_initial = 0.6627776603289153