gravity = 0.5
x_pos_initial = 43.32895650552595
y_pos_initial = 19.61572224894963
z_pos_initial = 53.19252735749376
x_vel_initial = 8.136314047388762
y_vel_initial = -4.450070720811152
z_vel_initial = 6.5837481044635915