gravity = 0.0
x_pos_initial = 64.91327338230306
y_pos_initial = 58.615103546058464
z_pos_initial = 59.469411490404156
x_vel_initial = -7.465790318956045
y_vel_initial = 4.5755163396826735
z_vel_initial = -8.86413918368139
num_bounces = 3
