gravity = 0.5
x_pos_initial = 85.37768394075466
y_pos_initial = 26.33217740911567
z_pos_initial = 36.415448600800275
x_vel_initial = -2.620854040750743
y_vel_initial = -9.848729640316423
z_vel_initial = 3.6321160171744253
num_bounces = 14
