gravity = 0.5
x_pos_initial = 82.6219275799994
y_pos_initial = 23.36821937785362
z_pos_initial = 63.09235972690526
x_vel_initial = 0.15750845815847825
y_vel_initial = 4.467506709715279
z_vel_initial = -4.227589783392875
num_bounces = 17
