gravity = 0.5
x_pos_initial = 51.997192713034366
y_pos_initial = 99.54646074229753
z_pos_initial = 82.14995374140481
x_vel_initial = -9.629048039444907
y_vel_initial = 7.377015949329717
z_vel_initial = 2.3586752124509633
num_bounces = 21
