gravity = 0.0
x_pos_initial = 8.827590276662049
y_pos_initial = 32.86781466542715
z_pos_initial = 45.93092590597567
x_vel_initial = -0.891286551206731
y_vel_initial = 6.9601477376779
z_vel_initial = 8.956835218221535
num_bounces = 3
