gravity = 0.0
x_pos_initial = 74.78114768827645
y_pos_initial = 40.53742255893867
z_pos_initial = 74.90162526525506
x_vel_initial = 0.918560620586657
y_vel_initial = -6.948839423578981
z_vel_initial = 7.0867750374558796