gravity = 10.0
x_pos_initial = 28.674297873664358
y_pos_initial = 85.05895776237897
z_pos_initial = 82.97187121989737
x_vel_initial = -7.753285224130597
y_vel_initial = -6.6907156418162215
z_vel_initial = -8.34089596558603
num_bounces = 7
