gravity = 0.0
x_pos_initial = 22.995109812509273
y_pos_initial = 49.60964683243382
z_pos_initial = 59.19309752099945
x_vel_initial = -0.9737645411598699
y_vel_initial = -8.124314970846061
z_vel_initial = -4.990888655262979
num_bounces = 2
