gravity = 0.0
x_pos_initial = 62.517946996289396
y_pos_initial = 97.06348287602516
z_pos_initial = 14.662571736003395
x_vel_initial = 5.759921505331233
y_vel_initial = 6.955519954311978
z_vel_initial = 8.758124415968446
num_bounces = 4
