gravity = 0.5
x_pos_initial = 28.026293244021417
y_pos_initial = 58.965510240390046
z_pos_initial = 28.15704189675202
x_vel_initial = 4.631781329657329
y_vel_initial = -4.427764619700666
z_vel_initial = -3.4287132250104815
num_bounces = 19
