gravity = 0.5
x_pos_initial = 33.5714517704157
y_pos_initial = 35.552886172600836
z_pos_initial = 26.21724143596333
x_vel_initial = 9.650508494872664
y_vel_initial = 2.2702960479485714
z_vel_initial = -2.9301657168514748
num_bounces = 18
