gravity = 10.0
x_pos_initial = 66.00022040742701
y_pos_initial = 81.75113934201083
z_pos_initial = 5.089910914279318
x_vel_initial = -7.186545180412225
y_vel_initial = -2.827080789718395
z_vel_initial = -9.220690527593062