gravity = 10.0
x_pos_initial = 94.14319218927261
y_pos_initial = 73.09930094086992
z_pos_initial = 94.8038549808514
x_vel_initial = -8.338257179287197
y_vel_initial = 6.342009895153346
z_vel_initial = -6.6855891332004