gravity = 0.0
x_pos_initial = 45.663613610519626
y_pos_initial = 85.84153174875688
z_pos_initial = 4.442931710882323
x_vel_initial = 6.333626482128427
y_vel_initial = -8.79197715496834
z_vel_initial = -0.7896998908805646