gravity = 10.0
x_pos_initial = 77.96353215196459
y_pos_initial = 46.20930275735443
z_pos_initial = 71.71310209048589
x_vel_initial = 7.648893396698551
y_vel_initial = -1.7911185914032437
z_vel_initial = -7.610410177836053
num_bounces = 8
