gravity = 0.0
x_pos_initial = 85.49542475222542
y_pos_initial = 66.21351362971029
z_pos_initial = 1.726227355962259
x_vel_initial = -9.078559196543477
y_vel_initial = 4.895178952715208
z_vel_initial = -8.370177650662239