gravity = 10.0
x_pos_initial = 81.92676306985578
y_pos_initial = 83.31809642066985
z_pos_initial = 58.87681042251016
x_vel_initial = 3.6245131016872563
y_vel_initial = 4.483574509608369
z_vel_initial = 2.677804663128974
num_bounces = 8
