gravity = 10.0
x_pos_initial = 8.89023110902512
y_pos_initial = 96.9450083978838
z_pos_initial = 80.12901655247845
x_vel_initial = 1.333314386117749
y_vel_initial = 9.504905068811613
z_vel_initial = 4.8449197283619245
num_bounces = 6
