gravity = 0.5
x_pos_initial = 84.52520369082035
y_pos_initial = 96.40613274703821
z_pos_initial = 80.44808541756039
x_vel_initial = -5.968521837265827
y_vel_initial = 3.849460458869917
z_vel_initial = -2.2901344586528936
num_bounces = 19
