gravity = 0.0
x_pos_initial = 46.37830810718044
y_pos_initial = 98.91374413878209
z_pos_initial = 33.957781409222726
x_vel_initial = 6.917370212792608
y_vel_initial = -7.397554954549733
z_vel_initial = -0.05860636525531504