gravity = 10.0
x_pos_initial = 11.700294123238486
y_pos_initial = 18.762543637436877
z_pos_initial = 39.02147060230667
x_vel_initial = 6.298734935922759
y_vel_initial = 6.908760599330904
z_vel_initial = -6.333509552220415
num_bounces = 5
