gravity = 10.0
x_pos_initial = 96.99263398022298
y_pos_initial = 12.069194250211092
z_pos_initial = 14.690973933014435
x_vel_initial = -1.366385001766286
y_vel_initial = 4.17055951180542
z_vel_initial = 2.145135240264464