gravity = 0.0
x_pos_initial = 31.71594934628449
y_pos_initial = 94.81427436667926
z_pos_initial = 25.021019984142068
x_vel_initial = -4.844267597144076
y_vel_initial = -3.9216857903758093
z_vel_initial = 9.669616091257225