gravity = 10.0
x_pos_initial = 76.91136250207595
y_pos_initial = 35.90007125856094
z_pos_initial = 82.38188093745872
x_vel_initial = 6.577589790747023
y_vel_initial = 1.976447469973559
z_vel_initial = -4.641969253703361
num_bounces = 7
