gravity = 10.0
x_pos_initial = 44.95765247877887
y_pos_initial = 41.62778835124876
z_pos_initial = 11.06135646859563
x_vel_initial = 6.001078982277736
y_vel_initial = -6.993943217229575
z_vel_initial = -1.353460986236298
num_bounces = 7
