gravity = 0.0
x_pos_initial = 54.175404126296556
y_pos_initial = 31.745520585717667
z_pos_initial = 15.78857653592324
x_vel_initial = 4.33001027941792
y_vel_initial = 7.359389830665815
z_vel_initial = 6.09040202523434