gravity = 0.0
x_pos_initial = 20.98641707210144
y_pos_initial = 33.35356470096039
z_pos_initial = 83.64916585016375
x_vel_initial = -1.2226007323662706
y_vel_initial = -7.712893836225942
z_vel_initial = 7.895774278871993
num_bounces = 4
