gravity = 10.0
x_pos_initial = 48.058209009561416
y_pos_initial = 21.407886999124248
z_pos_initial = 28.699196923603697
x_vel_initial = -5.650850660997481
y_vel_initial = 2.874980212073746
z_vel_initial = 2.1500494508990506
num_bounces = 4
