gravity = 0.0
x_pos_initial = 75.00594973276876
y_pos_initial = 96.40774704654713
z_pos_initial = 59.283634769374615
x_vel_initial = -2.282467680644765
y_vel_initial = -3.128884141923436
z_vel_initial = 2.476206104676212
num_bounces = 1
