gravity = 10.0
x_pos_initial = 41.110516078966334
y_pos_initial = 34.05524013838534
z_pos_initial = 17.79031754780726
x_vel_initial = -7.726875255166206
y_vel_initial = -3.5543377394623583
z_vel_initial = -1.4186967618316633
num_bounces = 7
