gravity = 0.5
x_pos_initial = 40.25246466390601
y_pos_initial = 67.11403591456893
z_pos_initial = 76.8915768514093
x_vel_initial = 2.8277742167123066
y_vel_initial = 1.8279556030761412
z_vel_initial = 5.838387533101207
num_bounces = 19
