gravity = 0.0
x_pos_initial = 91.80897199567401
y_pos_initial = 26.656258552706785
z_pos_initial = 11.759504274028362
x_vel_initial = 8.321758931629773
y_vel_initial = -6.200108287468312
z_vel_initial = 0.5538607626003493