gravity = 10.0
x_pos_initial = 93.25101958597153
y_pos_initial = 71.70158091472852
z_pos_initial = 61.41550821768096
x_vel_initial = -7.41997798844786
y_vel_initial = -3.0897260185052753
z_vel_initial = -9.717536237795679
num_bounces = 6
