gravity = 0.5
x_pos_initial = 74.46870629852204
y_pos_initial = 53.50443841092764
z_pos_initial = 87.75650348092407
x_vel_initial = -0.621651632892382
y_vel_initial = 2.1594339247375345
z_vel_initial = -3.0725512409087044
num_bounces = 16
