gravity = 0.5
x_pos_initial = 21.827936914726273
y_pos_initial = 9.122135902690532
z_pos_initial = 18.691350818802956
x_vel_initial = -6.292045055079296
y_vel_initial = 8.765390408302064
z_vel_initial = -6.649365838535337
num_bounces = 10
