gravity = 10.0
x_pos_initial = 60.63229117842797
y_pos_initial = 83.7815036609619
z_pos_initial = 36.2145647410763
x_vel_initial = 8.318473126065708
y_vel_initial = -7.171206068838655
z_vel_initial = 6.5544305419888325