gravity = 0.0
x_pos_initial = 30.770421639572465
y_pos_initial = 87.53650643424123
z_pos_initial = 32.81913547271822
x_vel_initial = 6.260270572370263
y_vel_initial = -9.492397404032978
z_vel_initial = 5.790720930963602