gravity = 10.0
x_pos_initial = 80.40622674205754
y_pos_initial = 67.12084320407327
z_pos_initial = 69.03047633123371
x_vel_initial = -0.352557036974396
y_vel_initial = -7.0950563836333576
z_vel_initial = 9.462001514460965