gravity = 0.5
x_pos_initial = 61.01973416705021
y_pos_initial = 71.82575864299713
z_pos_initial = 95.5457693712956
x_vel_initial = 4.30069291980409
y_vel_initial = 3.4427341117723174
z_vel_initial = 7.008495231567107