gravity = 0.5
x_pos_initial = 51.06505845622495
y_pos_initial = 37.88573841580126
z_pos_initial = 26.24997143004416
x_vel_initial = 5.673223092010957
y_vel_initial = 5.096601304764741
z_vel_initial = -2.242182175312305
num_bounces = 19
