gravity = 0.0
x_pos_initial = 75.92010636278015
y_pos_initial = 68.11118845572801
z_pos_initial = 31.670999932609764
x_vel_initial = 7.853543470324933
y_vel_initial = 5.46534354712059
z_vel_initial = -5.174276615093533