gravity = 0.5
x_pos_initial = 29.043989571497384
y_pos_initial = 30.92128996337075
z_pos_initial = 64.91441351400131
x_vel_initial = -3.61924943439364
y_vel_initial = -8.074321623251828
z_vel_initial = -3.7883871227500325
num_bounces = 20
