gravity = 0.5
x_pos_initial = 14.411894401646247
y_pos_initial = 21.980436840638095
z_pos_initial = 17.93692097932525
x_vel_initial = 7.908888535892274
y_vel_initial = 5.249446087285008
z_vel_initial = 6.823614690612683
num_bounces = 16
