gravity = 0.0
x_pos_initial = 25.402199703583058
y_pos_initial = 5.82104559666818
z_pos_initial = 52.55943728139191
x_vel_initial = 5.034172730920535
y_vel_initial = 5.210446899257628
z_vel_initial = -9.877816249748863
num_bounces = 3
