gravity = 0.0
x_pos_initial = 20.89926001046096
y_pos_initial = 7.742710194269938
z_pos_initial = 99.35336205525587
x_vel_initial = -8.685028094348851
y_vel_initial = 4.122466865151157
z_vel_initial = 3.029390040665067
num_bounces = 3
