gravity = 0.0
x_pos_initial = 40.351364550780836
y_pos_initial = 86.18523357999716
z_pos_initial = 41.82661743196523
x_vel_initial = -4.202393640803828
y_vel_initial = -7.478204046989257
z_vel_initial = -0.02632444784586241