gravity = 0.5
x_pos_initial = 57.55564087679044
y_pos_initial = 98.89487905022088
z_pos_initial = 42.86416670296934
x_vel_initial = 7.1083768584266025
y_vel_initial = -2.2325988560436327
z_vel_initial = -4.987045796467215