gravity = 0.0
x_pos_initial = 99.61626135896788
y_pos_initial = 41.50345341755224
z_pos_initial = 14.381321777385622
x_vel_initial = 5.856447319992554
y_vel_initial = 0.5640791211440863
z_vel_initial = -8.717439371634509
num_bounces = 4
