gravity = 0.0
x_pos_initial = 98.79649733560363
y_pos_initial = 48.262922728691244
z_pos_initial = 81.57139609255785
x_vel_initial = 7.119202057099265
y_vel_initial = 1.8548223101500732
z_vel_initial = 0.17488631000749422