gravity = 0.0
x_pos_initial = 7.052715704341971
y_pos_initial = 70.98762780395478
z_pos_initial = 52.860114668892464
x_vel_initial = -9.409152428313613
y_vel_initial = -7.603968644934901
z_vel_initial = 4.661465778858776