gravity = 0.5
x_pos_initial = 58.6616445138407
y_pos_initial = 33.967925889358014
z_pos_initial = 85.30785642624042
x_vel_initial = -3.1492034854613618
y_vel_initial = 2.78701751458094
z_vel_initial = -0.9555620748804561