gravity = 0.0
x_pos_initial = 2.917470462206254
y_pos_initial = 9.869819210847561
z_pos_initial = 94.12977735774177
x_vel_initial = 1.3683339403575623
y_vel_initial = 9.123970728705313
z_vel_initial = 8.329268118025066
num_bounces = 3
