gravity = 10.0
x_pos_initial = 87.50533463309694
y_pos_initial = 85.62674841716381
z_pos_initial = 66.01999281595978
x_vel_initial = -2.2014714992789175
y_vel_initial = -6.6779976937880425
z_vel_initial = 4.505356168338146
num_bounces = 5
