gravity = 0.5
x_pos_initial = 16.34032534252193
y_pos_initial = 91.28608249376697
z_pos_initial = 85.58746965754223
x_vel_initial = 6.7930967829960665
y_vel_initial = 4.720704469951773
z_vel_initial = 7.3491655317018
num_bounces = 22
