gravity = 10.0
x_pos_initial = 33.54461620828205
y_pos_initial = 60.22861870025461
z_pos_initial = 75.27848277806942
x_vel_initial = -9.933483646908126
y_vel_initial = -8.055653968133818
z_vel_initial = -9.025286939153219