gravity = 10.0
x_pos_initial = 13.120451620867867
y_pos_initial = 78.53593072477477
z_pos_initial = 5.875733931984126
x_vel_initial = 5.594644464737385
y_vel_initial = 5.039329132205859
z_vel_initial = 7.640878756902914
num_bounces = 8
