gravity = 0.0
x_pos_initial = 35.37632390505455
y_pos_initial = 61.08328727948417
z_pos_initial = 73.70156701279754
x_vel_initial = 5.479910053507462
y_vel_initial = 2.3245538952293128
z_vel_initial = 1.2578282707587185