gravity = 0.0
x_pos_initial = 95.54345783921103
y_pos_initial = 79.40843602656071
z_pos_initial = 20.853178002254225
x_vel_initial = -5.368341674924825
y_vel_initial = -4.73008694805906
z_vel_initial = 1.6552306551828515