gravity = 10.0
x_pos_initial = 10.45993924986353
y_pos_initial = 94.22223134819725
z_pos_initial = 75.36171619114744
x_vel_initial = 1.6634244183100968
y_vel_initial = -3.6608341671784377
z_vel_initial = -1.5982163018119575
num_bounces = 4
