gravity = 0.0
x_pos_initial = 65.02465518027331
y_pos_initial = 87.69305926925077
z_pos_initial = 70.17258568932095
x_vel_initial = -9.891460713208266
y_vel_initial = -2.4601908060814264
z_vel_initial = 8.194640492524755
num_bounces = 3
