gravity = 0.0
x_pos_initial = 94.5905273062872
y_pos_initial = 47.147062407870024
z_pos_initial = 24.195037913136705
x_vel_initial = 6.718698730511985
y_vel_initial = -6.936685907462909
z_vel_initial = -6.406312360111469