gravity = 0.0
x_pos_initial = 96.57732445025272
y_pos_initial = 21.451759831388493
z_pos_initial = 7.26967483542559
x_vel_initial = -5.335444404584899
y_vel_initial = -1.7231080140045147
z_vel_initial = 4.344339606368946