gravity = 0.0
x_pos_initial = 96.20646521100937
y_pos_initial = 6.092648002566022
z_pos_initial = 61.79062619748405
x_vel_initial = -9.124615323195172
y_vel_initial = -8.742650789546717
z_vel_initial = 0.8156591670523667