gravity = 0.5
x_pos_initial = 94.66524113623774
y_pos_initial = 71.88773067913269
z_pos_initial = 37.34337494466641
x_vel_initial = 1.3521536888940506
y_vel_initial = 0.3852450705607424
z_vel_initial = -8.093124397491016