gravity = 0.0
x_pos_initial = 2.3358950199830812
y_pos_initial = 90.37130342731025
z_pos_initial = 25.860907866084418
x_vel_initial = -1.635265527258353
y_vel_initial = 1.4748604463239623
z_vel_initial = -2.521345108401075
num_bounces = 3
