gravity = 0.0
x_pos_initial = 79.0174723316286
y_pos_initial = 76.7969978582208
z_pos_initial = 62.763531890163115
x_vel_initial = -0.5134625370852799
y_vel_initial = 6.780772951062165
z_vel_initial = 2.0000656409098863