gravity = 10.0
x_pos_initial = 93.49642601145268
y_pos_initial = 40.43296734490478
z_pos_initial = 39.58805980213596
x_vel_initial = 2.6687931390545554
y_vel_initial = 0.9256950218777007
z_vel_initial = 6.7160428568519634
num_bounces = 7
