gravity = 0.0
x_pos_initial = 11.318408191821748
y_pos_initial = 55.03666063152718
z_pos_initial = 62.982113832132235
x_vel_initial = 8.49655549201
y_vel_initial = 0.46898912503910495
z_vel_initial = -6.090545254538172
num_bounces = 2
