gravity = 0.0
x_pos_initial = 74.7647639975981
y_pos_initial = 30.82621105374406
z_pos_initial = 94.60013978165452
x_vel_initial = 2.3431013803368224
y_vel_initial = 5.947879485800783
z_vel_initial = 1.1949615167139296