gravity = 0.0
x_pos_initial = 52.24055630711462
y_pos_initial = 28.989825052490435
z_pos_initial = 65.14401424658222
x_vel_initial = -6.455883290879122
y_vel_initial = 9.478691651080894
z_vel_initial = -0.23177138983978907
num_bounces = 2
