gravity = 10.0
x_pos_initial = 25.12679129928438
y_pos_initial = 4.566236502965894
z_pos_initial = 31.598503933797847
x_vel_initial = -1.8626217515795886
y_vel_initial = -8.217301619929934
z_vel_initial = 0.6837806424617074