gravity = 0.5
x_pos_initial = 63.52008669365051
y_pos_initial = 51.020987834448086
z_pos_initial = 58.55083062287296
x_vel_initial = 8.234968881708426
y_vel_initial = -5.188602232553628
z_vel_initial = 1.9465831209973032
num_bounces = 20
