gravity = 0.0
x_pos_initial = 73.07030623279591
y_pos_initial = 29.511451915371087
z_pos_initial = 30.797627200892585
x_vel_initial = 3.5007240937023862
y_vel_initial = -5.139211173896755
z_vel_initial = -1.2853355752794489