gravity = 0.0
x_pos_initial = 74.76947421027272
y_pos_initial = 91.15662120225215
z_pos_initial = 85.94731514184882
x_vel_initial = 4.483452913422367
y_vel_initial = -2.2712097654818804
z_vel_initial = 5.304208150877171