gravity = 0.5
x_pos_initial = 33.59806175394436
y_pos_initial = 28.43782011572887
z_pos_initial = 95.56504977489323
x_vel_initial = -3.9973126624460917
y_vel_initial = 2.6522646286676856
z_vel_initial = 9.326897488155872