gravity = 0.0
x_pos_initial = 86.67600791720383
y_pos_initial = 26.38271329681488
z_pos_initial = 28.01242265611251
x_vel_initial = -6.516416513260679
y_vel_initial = -2.0000775090524296
z_vel_initial = 7.545445684985815