gravity = 10.0
x_pos_initial = 74.24631005694076
y_pos_initial = 59.90219591339872
z_pos_initial = 43.4895584475167
x_vel_initial = -5.4427048832523806
y_vel_initial = 7.833634226970972
z_vel_initial = 8.60816852785834