gravity = 10.0
x_pos_initial = 25.63672512274755
y_pos_initial = 47.78873696989277
z_pos_initial = 62.505216242256644
x_vel_initial = -4.068596209199057
y_vel_initial = 3.9833211607192176
z_vel_initial = 3.1491670197047714
num_bounces = 7
