gravity = 0.0
x_pos_initial = 77.6446141329734
y_pos_initial = 77.6611580454894
z_pos_initial = 9.692578836751876
x_vel_initial = -9.41221981818876
y_vel_initial = -7.597127319327646
z_vel_initial = -3.846372363299502