gravity = 0.0
x_pos_initial = 69.97924547936888
y_pos_initial = 46.83507566186437
z_pos_initial = 56.898121487121216
x_vel_initial = 1.8287938622123168
y_vel_initial = 6.775976879770404
z_vel_initial = -1.8136334745311018