gravity = 0.0
x_pos_initial = 31.153856445451066
y_pos_initial = 12.067061184528793
z_pos_initial = 55.00982983143591
x_vel_initial = 5.245872645414156
y_vel_initial = 9.294158328434719
z_vel_initial = 1.9002708288590924