gravity = 0.5
x_pos_initial = 97.13616244931251
y_pos_initial = 83.67951182941991
z_pos_initial = 57.90102045936029
x_vel_initial = 0.4779871045844999
y_vel_initial = 3.139230080690716
z_vel_initial = 0.3546788567626944
num_bounces = 23
