gravity = 0.0
x_pos_initial = 51.65139713469922
y_pos_initial = 1.1958446466485482
z_pos_initial = 23.297249462160835
x_vel_initial = -5.564210627061653
y_vel_initial = -8.62523377813034
z_vel_initial = 1.6091567292769327
num_bounces = 3
