gravity = 0.0
x_pos_initial = 36.483633180860714
y_pos_initial = 28.252913610850623
z_pos_initial = 79.32737441405258
x_vel_initial = -1.040688919143978
y_vel_initial = -3.499141111223384
z_vel_initial = -3.0988731453715115