gravity = 0.0
x_pos_initial = 32.02099446990595
y_pos_initial = 86.07543252593211
z_pos_initial = 1.8637699362826643
x_vel_initial = -3.7087830192928903
y_vel_initial = -1.190301123559518
z_vel_initial = 5.400597242411543