gravity = 10.0
x_pos_initial = 26.06405396623753
y_pos_initial = 56.50952558100168
z_pos_initial = 77.074855465326
x_vel_initial = 4.543545653847563
y_vel_initial = 9.408431079444586
z_vel_initial = -3.8436525955087317
num_bounces = 6
