gravity = 0.0
x_pos_initial = 56.442918759779495
y_pos_initial = 13.543319425243679
z_pos_initial = 44.389204174742694
x_vel_initial = -1.733767885270984
y_vel_initial = -8.314375727244537
z_vel_initial = 4.989031392939914
num_bounces = 3
