gravity = 0.0
x_pos_initial = 56.14020326876214
y_pos_initial = 0.20124182962921933
z_pos_initial = 64.19810313615577
x_vel_initial = -2.2747126572527563
y_vel_initial = 2.9414471790799297
z_vel_initial = -8.17639639475351