gravity = 10.0
x_pos_initial = 70.92833132205911
y_pos_initial = 79.90358445534473
z_pos_initial = 95.68517584077996
x_vel_initial = -8.507316030105617
y_vel_initial = -4.498362802902915
z_vel_initial = -9.64374859973579
num_bounces = 6
