gravity = 10.0
x_pos_initial = 64.28339787475845
y_pos_initial = 76.56067898349961
z_pos_initial = 35.892950927039465
x_vel_initial = -6.031938413519505
y_vel_initial = 3.971737002951631
z_vel_initial = -9.58624825275847