gravity = 0.0
x_pos_initial = 31.277838106706486
y_pos_initial = 82.92033401017953
z_pos_initial = 15.090198637365027
x_vel_initial = 0.9450067711321726
y_vel_initial = -3.1149195321936753
z_vel_initial = 0.5917413413377801