gravity = 10.0
x_pos_initial = 8.511233719677385
y_pos_initial = 75.60185828635133
z_pos_initial = 92.54183677301283
x_vel_initial = 4.074547978611813
y_vel_initial = -4.800873991390018
z_vel_initial = 6.128830185766361