gravity = 10.0
x_pos_initial = 66.30710029635343
y_pos_initial = 10.306643977056185
z_pos_initial = 40.483714672622376
x_vel_initial = 0.5443132023098283
y_vel_initial = -1.7147783330976107
z_vel_initial = -0.015537871676563952