gravity = 0.5
x_pos_initial = 99.9370925981442
y_pos_initial = 69.66755435213443
z_pos_initial = 98.60152687006912
x_vel_initial = -3.421555509639523
y_vel_initial = -8.767938744472263
z_vel_initial = -9.978055369405595