gravity = 0.0
x_pos_initial = 65.72529451998535
y_pos_initial = 41.26484574775327
z_pos_initial = 47.07227628669263
x_vel_initial = -8.336935854671475
y_vel_initial = 2.4450469577347445
z_vel_initial = 6.87961362533461