gravity = 0.5
x_pos_initial = 46.966570936521215
y_pos_initial = 89.08628424372822
z_pos_initial = 44.08548483887703
x_vel_initial = 3.167888995783736
y_vel_initial = -2.0746016891353207
z_vel_initial = -5.716311241598948
num_bounces = 17
