gravity = 0.5
x_pos_initial = 73.00594906415952
y_pos_initial = 90.22404993189492
z_pos_initial = 49.8207295945275
x_vel_initial = -0.9744061300598368
y_vel_initial = 8.492383624924543
z_vel_initial = 6.417248280449343