gravity = 10.0
x_pos_initial = 12.345707219384982
y_pos_initial = 92.46414363249633
z_pos_initial = 3.9324277690526483
x_vel_initial = 9.802626865179572
y_vel_initial = 1.3618978398153754
z_vel_initial = -4.561730595889976