gravity = 10.0
x_pos_initial = 70.41161804992177
y_pos_initial = 38.682661459445015
z_pos_initial = 54.66988407204635
x_vel_initial = -8.358685455794754
y_vel_initial = 1.1112818873704953
z_vel_initial = 3.545793901665082
num_bounces = 7
