gravity = 0.0
x_pos_initial = 74.69449661029846
y_pos_initial = 20.414688560534938
z_pos_initial = 2.040205044497152
x_vel_initial = -3.178047273749945
y_vel_initial = -5.775218233910723
z_vel_initial = 5.074578009738715
num_bounces = 1
