gravity = 10.0
x_pos_initial = 31.238939753754803
y_pos_initial = 42.986646372683154
z_pos_initial = 18.29253688851244
x_vel_initial = 2.797812206593468
y_vel_initial = -8.649205185134694
z_vel_initial = 7.528727451129097
num_bounces = 6
