gravity = 10.0
x_pos_initial = 75.51658306037812
y_pos_initial = 10.282240785496189
z_pos_initial = 47.10797962622041
x_vel_initial = -3.9892483828747007
y_vel_initial = -2.5866787586852205
z_vel_initial = 2.8529581701396705
num_bounces = 4
