gravity = 0.0
x_pos_initial = 34.340050388816245
y_pos_initial = 2.350328443059801
z_pos_initial = 55.1269775485244
x_vel_initial = 9.18441768036259
y_vel_initial = 8.129965141725926
z_vel_initial = -8.76101785061841