gravity = 0.0
x_pos_initial = 62.02665078453585
y_pos_initial = 86.17924684205457
z_pos_initial = 80.17246217265044
x_vel_initial = 6.147194901553284
y_vel_initial = 7.918849082246407
z_vel_initial = -3.4963338374042436