gravity = 10.0
x_pos_initial = 82.56028161488996
y_pos_initial = 3.5141699060107925
z_pos_initial = 57.17565799460624
x_vel_initial = 8.855781985397766
y_vel_initial = -8.555146347805817
z_vel_initial = 7.685770469801849