gravity = 0.0
x_pos_initial = 27.671802859319087
y_pos_initial = 0.7626154020123221
z_pos_initial = 66.43453938411479
x_vel_initial = -0.5955089663877651
y_vel_initial = -5.798323027244335
z_vel_initial = 2.773712774440453
num_bounces = 3
