gravity = 0.0
x_pos_initial = 23.896180909481846
y_pos_initial = 92.82144925786756
z_pos_initial = 51.00631756840584
x_vel_initial = 7.727792527761654
y_vel_initial = -2.3799396698370883
z_vel_initial = 7.801829592142262
num_bounces = 2
