gravity = 0.5
x_pos_initial = 63.00077303107802
y_pos_initial = 64.67980566231435
z_pos_initial = 85.46480262502504
x_vel_initial = 8.013664527725307
y_vel_initial = 1.1667612635400815
z_vel_initial = 0.9098103957989725