gravity = 0.5
x_pos_initial = 3.9930354292531476
y_pos_initial = 17.911712842790795
z_pos_initial = 54.76865445243203
x_vel_initial = -4.907333588284007
y_vel_initial = -2.467652024703308
z_vel_initial = -4.189538934178458
num_bounces = 13
