gravity = 10.0
x_pos_initial = 94.78069719168784
y_pos_initial = 54.12353909706708
z_pos_initial = 18.836735620032027
x_vel_initial = -6.056671267262908
y_vel_initial = -8.060291966113915
z_vel_initial = -8.380498581771775
num_bounces = 8
