gravity = 0.0
x_pos_initial = 82.77216210392353
y_pos_initial = 56.13208994490581
z_pos_initial = 29.629426221052864
x_vel_initial = -2.385325879538976
y_vel_initial = -0.18633304851931598
z_vel_initial = -2.367793477592997