gravity = 0.0
x_pos_initial = 31.57035159502027
y_pos_initial = 29.25966818022984
z_pos_initial = 78.97635251347846
x_vel_initial = 4.557701935416981
y_vel_initial = 4.774145229299229
z_vel_initial = -4.353390280627072
num_bounces = 2
