gravity = 0.0
x_pos_initial = 75.55241949265829
y_pos_initial = 28.566522428341145
z_pos_initial = 40.61139841398712
x_vel_initial = -1.415512992706482
y_vel_initial = -7.758539645812654
z_vel_initial = -7.953779714001058
num_bounces = 3
