gravity = 0.5
x_pos_initial = 1.975476322154412
y_pos_initial = 51.19821185769396
z_pos_initial = 78.4005679646558
x_vel_initial = -4.364334011996245
y_vel_initial = 3.2446553379705776
z_vel_initial = 0.5121095471420354