gravity = 0.0
x_pos_initial = 66.01805951337823
y_pos_initial = 1.8721649706191763
z_pos_initial = 68.28843879411271
x_vel_initial = 6.371091367322919
y_vel_initial = 4.635330054638159
z_vel_initial = 7.026784253325051