gravity = 0.0
x_pos_initial = 40.027999962942175
y_pos_initial = 58.680415439449746
z_pos_initial = 87.97368176475344
x_vel_initial = 0.6259084290424699
y_vel_initial = -6.9731254847573965
z_vel_initial = 4.537316856213517
num_bounces = 2
