gravity = 10.0
x_pos_initial = 66.71352864526384
y_pos_initial = 93.67618519163757
z_pos_initial = 17.069848568181904
x_vel_initial = -5.070110403215472
y_vel_initial = -3.084953269225755
z_vel_initial = -8.16438370631185
num_bounces = 7
