gravity = 0.5
x_pos_initial = 50.5648997241484
y_pos_initial = 74.99451881024532
z_pos_initial = 89.1762721838732
x_vel_initial = -9.460140080850476
y_vel_initial = -6.106305525422508
z_vel_initial = -5.495510132440613