gravity = 0.0
x_pos_initial = 84.26667132513393
y_pos_initial = 32.32584885645781
z_pos_initial = 37.727284133057985
x_vel_initial = -1.1028048420606478
y_vel_initial = 4.469345379636957
z_vel_initial = 4.647062388057643