gravity = 0.0
x_pos_initial = 4.233899141855748
y_pos_initial = 38.3220468294057
z_pos_initial = 43.06894390169347
x_vel_initial = -9.269519429554927
y_vel_initial = -9.519787645192046
z_vel_initial = -3.619188062923932
num_bounces = 5
