gravity = 0.0
x_pos_initial = 61.48153418799369
y_pos_initial = 64.50142308985853
z_pos_initial = 75.99778854533382
x_vel_initial = -2.81175682529193
y_vel_initial = 4.812897667449523
z_vel_initial = 8.370180797655358