gravity = 0.0
x_pos_initial = 31.289667532564735
y_pos_initial = 27.902557183271785
z_pos_initial = 62.93394063216613
x_vel_initial = -5.609606000426031
y_vel_initial = -4.076712334409361
z_vel_initial = -2.3729585181647437