gravity = 0.5
x_pos_initial = 20.175549208357037
y_pos_initial = 34.8881093444628
z_pos_initial = 29.814166202284635
x_vel_initial = 4.929473012514215
y_vel_initial = -9.466763095795384
z_vel_initial = -0.2228205732609112
num_bounces = 19
