gravity = 0.0
x_pos_initial = 57.549349366710274
y_pos_initial = 78.97655176065841
z_pos_initial = 23.418109381781093
x_vel_initial = -0.24939174771997052
y_vel_initial = 1.3219594708615023
z_vel_initial = -8.99201382948458