gravity = 0.5
x_pos_initial = 5.032465711657241
y_pos_initial = 27.239770845043
z_pos_initial = 79.0572802469034
x_vel_initial = -2.3175516410361183
y_vel_initial = 6.326546111484557
z_vel_initial = -3.4283983723230342
num_bounces = 16
