gravity = 0.0
x_pos_initial = 12.987551571471343
y_pos_initial = 31.1956445708066
z_pos_initial = 56.4384381355556
x_vel_initial = 5.764005262681833
y_vel_initial = 3.2326927978334457
z_vel_initial = -6.869742556905003