gravity = 10.0
x_pos_initial = 23.200874267864535
y_pos_initial = 36.06499886056934
z_pos_initial = 58.526567131179334
x_vel_initial = -1.8992246814125977
y_vel_initial = -2.3293136860839434
z_vel_initial = 5.01060929057955