gravity = 10.0
x_pos_initial = 97.48789556341075
y_pos_initial = 2.2846791481348023
z_pos_initial = 20.803477280741507
x_vel_initial = 8.215819916404588
y_vel_initial = 6.779633384837638
z_vel_initial = -6.628886074433302
num_bounces = 4
