gravity = 10.0
x_pos_initial = 1.3152398241252519
y_pos_initial = 14.246104053601883
z_pos_initial = 65.47256178874706
x_vel_initial = 1.8915991638073422
y_vel_initial = 0.629059408042302
z_vel_initial = 2.510345507515696
num_bounces = 4
