gravity = 10.0
x_pos_initial = 51.18487293265121
y_pos_initial = 44.246171480068625
z_pos_initial = 0.3911020083459652
x_vel_initial = 6.017332541082091
y_vel_initial = -1.3055425957009366
z_vel_initial = -2.4226634274432906
num_bounces = 7
