gravity = 0.0
x_pos_initial = 81.61525865848725
y_pos_initial = 16.471201118439517
z_pos_initial = 8.842802972183874
x_vel_initial = -9.66518630811917
y_vel_initial = 8.190282615283724
z_vel_initial = -9.987271334487286