gravity = 0.0
x_pos_initial = 83.01854717490929
y_pos_initial = 20.629240621944298
z_pos_initial = 95.70085247692361
x_vel_initial = 7.957817396932423
y_vel_initial = 5.353157061729673
z_vel_initial = 5.738503568989984