gravity = 0.5
x_pos_initial = 79.98726046268362
y_pos_initial = 1.6256296392176748
z_pos_initial = 31.348070527045905
x_vel_initial = -0.5169550965485659
y_vel_initial = -0.033430995860840085
z_vel_initial = 6.714908479544388
num_bounces = 6
