gravity = 0.5
x_pos_initial = 33.86226842129537
y_pos_initial = 73.99639169659855
z_pos_initial = 26.873374669021064
x_vel_initial = -3.086241576010398
y_vel_initial = -1.91986366454144
z_vel_initial = 4.133195885069405
num_bounces = 20
