gravity = 0.0
x_pos_initial = 51.15748612248375
y_pos_initial = 82.22515452089944
z_pos_initial = 52.39114131269403
x_vel_initial = -1.4592285475944387
y_vel_initial = -6.597738481850409
z_vel_initial = 5.690235494034377