gravity = 0.5
x_pos_initial = 29.42032590474818
y_pos_initial = 2.8147529963487825
z_pos_initial = 34.274509944742974
x_vel_initial = 8.575147598009096
y_vel_initial = 3.437991667518725
z_vel_initial = -4.831310038752964