gravity = 0.5
x_pos_initial = 94.03208738989392
y_pos_initial = 30.216132927984884
z_pos_initial = 53.19806436963911
x_vel_initial = -9.908388758315473
y_vel_initial = -0.6110491098421065
z_vel_initial = 6.344113716677278