gravity = 10.0
x_pos_initial = 66.4559113938846
y_pos_initial = 58.65704380423637
z_pos_initial = 11.258244031191323
x_vel_initial = 8.578694363857405
y_vel_initial = -3.0143988821109424
z_vel_initial = -6.377499669504402
num_bounces = 8
