gravity = 0.5
x_pos_initial = 47.85881449090038
y_pos_initial = 12.663978081925938
z_pos_initial = 33.10171566618823
x_vel_initial = -8.523868641381693
y_vel_initial = 7.459434236184148
z_vel_initial = 4.957582942927585
num_bounces = 14
