gravity = 0.0
x_pos_initial = 32.00853934610508
y_pos_initial = 45.26131059557881
z_pos_initial = 13.840625373759934
x_vel_initial = -5.398615540895975
y_vel_initial = -6.228145300952707
z_vel_initial = -3.3076090329473127