gravity = 0.5
x_pos_initial = 64.58441692885616
y_pos_initial = 75.60828485196095
z_pos_initial = 94.16180071179774
x_vel_initial = -0.8742208138522436
y_vel_initial = -4.859270974764655
z_vel_initial = -7.151199413839157
num_bounces = 21
