gravity = 10.0
x_pos_initial = 47.38473444088999
y_pos_initial = 30.80566646609449
z_pos_initial = 53.926777360294075
x_vel_initial = -1.4916827057659958
y_vel_initial = 5.014256362514642
z_vel_initial = -3.809716555837415