gravity = 0.0
x_pos_initial = 18.0081494295582
y_pos_initial = 14.140276915805446
z_pos_initial = 77.93946881313455
x_vel_initial = 1.699863017009342
y_vel_initial = -8.883504503548306
z_vel_initial = -5.407576979277227