gravity = 10.0
x_pos_initial = 69.47814092248437
y_pos_initial = 55.19230647019652
z_pos_initial = 81.11831086231027
x_vel_initial = 3.9826507715833923
y_vel_initial = 4.065555556454687
z_vel_initial = -9.130410459768155