gravity = 0.0
x_pos_initial = 57.99788846137993
y_pos_initial = 4.132973048729754
z_pos_initial = 94.93140316200206
x_vel_initial = -1.0101649068261622
y_vel_initial = 5.4236662325773395
z_vel_initial = -5.377657567711078