gravity = 10.0
x_pos_initial = 17.630930454696166
y_pos_initial = 90.11651898250295
z_pos_initial = 3.8130789704966657
x_vel_initial = 8.020836775238113
y_vel_initial = 5.35442181088424
z_vel_initial = 4.078661141703229