gravity = 10.0
x_pos_initial = 32.38080919441276
y_pos_initial = 89.3734901961786
z_pos_initial = 19.157386257610757
x_vel_initial = -5.194187456317902
y_vel_initial = 0.600345156534992
z_vel_initial = 0.744162765254254
num_bounces = 7
