gravity = 0.5
x_pos_initial = 32.433117433648285
y_pos_initial = 99.61769562877943
z_pos_initial = 22.39132765802109
x_vel_initial = -1.5563933480863685
y_vel_initial = 3.9788775310586217
z_vel_initial = -0.5428446189976786
num_bounces = 18
