gravity = 0.0
x_pos_initial = 39.5406925607645
y_pos_initial = 82.70038710631565
z_pos_initial = 10.960119578218231
x_vel_initial = -6.984510548258142
y_vel_initial = 5.29088269596787
z_vel_initial = 4.118269296933846