gravity = 10.0
x_pos_initial = 17.687056664576602
y_pos_initial = 37.915841513914465
z_pos_initial = 34.47178167075768
x_vel_initial = 8.419244628938085
y_vel_initial = -4.87712031665793
z_vel_initial = -3.8144636349513386