gravity = 0.5
x_pos_initial = 59.386877194041965
y_pos_initial = 74.52222322705344
z_pos_initial = 41.39600329725454
x_vel_initial = -4.8574675097890765
y_vel_initial = 4.581823405143542
z_vel_initial = 8.360138205459553