gravity = 10.0
x_pos_initial = 65.08585346010605
y_pos_initial = 71.99602676243214
z_pos_initial = 3.8634398045992615
x_vel_initial = 1.0405109802318577
y_vel_initial = -6.277878625287892
z_vel_initial = 5.889879185267981