gravity = 0.0
x_pos_initial = 2.952256957847927
y_pos_initial = 34.888164204190176
z_pos_initial = 21.721153896467204
x_vel_initial = -5.902558503113094
y_vel_initial = 7.788813798239044
z_vel_initial = -4.052918723483856