gravity = 0.0
x_pos_initial = 58.02013341519155
y_pos_initial = 63.08440895117428
z_pos_initial = 75.08731962703826
x_vel_initial = -4.815277152895028
y_vel_initial = -2.6370703057855875
z_vel_initial = 6.454413493302425