gravity = 0.0
x_pos_initial = 2.214039150113106
y_pos_initial = 55.028009164753406
z_pos_initial = 73.95715299576342
x_vel_initial = -5.409790186376189
y_vel_initial = -9.029328132232047
z_vel_initial = 7.7193728680144496