gravity = 0.0
x_pos_initial = 48.046694316142165
y_pos_initial = 45.159558550654424
z_pos_initial = 42.94961510406355
x_vel_initial = 7.9647472800153665
y_vel_initial = 1.9064933597266496
z_vel_initial = 3.9677564115528536