gravity = 10.0
x_pos_initial = 66.63763612659584
y_pos_initial = 43.79416575337989
z_pos_initial = 99.20246418436062
x_vel_initial = 6.405637264197548
y_vel_initial = 6.822229827284257
z_vel_initial = 6.921836740227999
num_bounces = 8
