gravity = 0.0
x_pos_initial = 84.45756835392834
y_pos_initial = 11.52325457999009
z_pos_initial = 69.91536664334481
x_vel_initial = 5.876658431653375
y_vel_initial = -1.7742254848091168
z_vel_initial = -7.844666149535422
num_bounces = 3
