gravity = 0.0
x_pos_initial = 98.268846198806
y_pos_initial = 7.443413500485326
z_pos_initial = 5.04525870200537
x_vel_initial = -8.188253271645124
y_vel_initial = 3.34172908020048
z_vel_initial = 0.49134454660040383