gravity = 10.0
x_pos_initial = 26.293616555203144
y_pos_initial = 41.45903395008843
z_pos_initial = 80.26946721223052
x_vel_initial = -3.63550313776857
y_vel_initial = -2.880762133279635
z_vel_initial = 5.446428732593603