gravity = 0.0
x_pos_initial = 5.206117555912641
y_pos_initial = 15.498082988287983
z_pos_initial = 31.329203520812197
x_vel_initial = -0.46920980359686304
y_vel_initial = -8.992134004767689
z_vel_initial = 5.357102259710922
num_bounces = 4
