gravity = 10.0
x_pos_initial = 31.662491808832076
y_pos_initial = 32.688359561711685
z_pos_initial = 63.52619497046674
x_vel_initial = -4.759164668626883
y_vel_initial = 1.2353599341412433
z_vel_initial = 3.0321764095965147