gravity = 0.5
x_pos_initial = 69.64002515028247
y_pos_initial = 55.15606681780291
z_pos_initial = 32.5578693538469
x_vel_initial = 1.9886645791667394
y_vel_initial = 5.489737889295364
z_vel_initial = 3.2707191330327454
num_bounces = 18
