gravity = 10.0
x_pos_initial = 60.83466962699115
y_pos_initial = 82.5772919958813
z_pos_initial = 32.27144340948532
x_vel_initial = -6.63293033138854
y_vel_initial = -3.732715517584653
z_vel_initial = 3.2923415273091763