gravity = 0.0
x_pos_initial = 81.14655556581474
y_pos_initial = 92.46563195448951
z_pos_initial = 41.153765151998044
x_vel_initial = 5.682608228501847
y_vel_initial = 9.350013797797345
z_vel_initial = -4.9187352392811
num_bounces = 4
