gravity = 0.0
x_pos_initial = 11.986555294814965
y_pos_initial = 73.43392969066126
z_pos_initial = 47.76361242881308
x_vel_initial = 9.654457163735604
y_vel_initial = 5.208523257277969
z_vel_initial = -0.47262069131208406
num_bounces = 2
