gravity = 10.0
x_pos_initial = 4.547362940557675
y_pos_initial = 80.7757029076257
z_pos_initial = 85.39526405756955
x_vel_initial = -5.085383211180048
y_vel_initial = 3.7231679020738397
z_vel_initial = 2.438068051568857