gravity = 0.5
x_pos_initial = 92.61608955913563
y_pos_initial = 62.143511840103166
z_pos_initial = 15.14463168440537
x_vel_initial = 4.357208714076471
y_vel_initial = 0.397431823034907
z_vel_initial = 4.823849878293226
num_bounces = 22
