gravity = 10.0
x_pos_initial = 61.100244640695884
y_pos_initial = 79.60058769029003
z_pos_initial = 95.05926731046291
x_vel_initial = 8.444225195889143
y_vel_initial = 3.9748977157749366
z_vel_initial = -0.6952800128737433