gravity = 10.0
x_pos_initial = 80.524575508378
y_pos_initial = 51.24269732544955
z_pos_initial = 27.11019456248601
x_vel_initial = 7.199169909378053
y_vel_initial = 2.529368817257664
z_vel_initial = 8.598023061310581