gravity = 0.0
x_pos_initial = 84.97122787380866
y_pos_initial = 68.35182701766813
z_pos_initial = 11.72168453785145
x_vel_initial = 9.35983693123125
y_vel_initial = -3.0848343121300204
z_vel_initial = 9.657733378634571
num_bounces = 3
