gravity = 0.5
x_pos_initial = 37.884419327192155
y_pos_initial = 15.957318853769891
z_pos_initial = 16.31487779127847
x_vel_initial = 6.934775237832724
y_vel_initial = 7.31577978748707
z_vel_initial = 1.102261680597863