gravity = 10.0
x_pos_initial = 50.10510697783948
y_pos_initial = 23.122163567597358
z_pos_initial = 1.939924464016826
x_vel_initial = -7.126685172270257
y_vel_initial = -1.9123596180224034
z_vel_initial = -4.47493502668041
num_bounces = 5
