gravity = 0.0
x_pos_initial = 81.26764404748141
y_pos_initial = 91.17977699177392
z_pos_initial = 33.86009411517405
x_vel_initial = 5.184565177899385
y_vel_initial = 7.325071289875343
z_vel_initial = -6.503162013333249