gravity = 0.0
x_pos_initial = 38.7863689704897
y_pos_initial = 28.70864682646872
z_pos_initial = 68.58202592454809
x_vel_initial = -3.454601342440178
y_vel_initial = -6.45924501239015
z_vel_initial = -3.5390838159840836