gravity = 0.0
x_pos_initial = 73.75329644636176
y_pos_initial = 81.37147594336813
z_pos_initial = 29.34115187119894
x_vel_initial = 2.9699952109575634
y_vel_initial = 3.3553366751077256
z_vel_initial = -3.3944165531732473