gravity = 10.0
x_pos_initial = 86.42661650587208
y_pos_initial = 74.09338555819619
z_pos_initial = 70.94322434962635
x_vel_initial = 2.390149598055416
y_vel_initial = -9.191395806724506
z_vel_initial = 7.067082150771675