gravity = 0.0
x_pos_initial = 52.04795924158762
y_pos_initial = 14.274976664671087
z_pos_initial = 86.72751141271657
x_vel_initial = 8.115042686287655
y_vel_initial = -7.227472088185619
z_vel_initial = 0.31408475000141856
num_bounces = 3
