gravity = 0.0
x_pos_initial = 74.57050236233418
y_pos_initial = 22.21316446549247
z_pos_initial = 30.809048397230136
x_vel_initial = 2.0866604151716217
y_vel_initial = 3.19943703867653
z_vel_initial = 2.6545046196310285
num_bounces = 1
