gravity = 0.5
x_pos_initial = 90.55995906827725
y_pos_initial = 74.70736826271958
z_pos_initial = 52.57494006433712
x_vel_initial = 4.694465898214284
y_vel_initial = 4.282825931175328
z_vel_initial = -6.87237098334592