gravity = 0.0
x_pos_initial = 55.21404406447545
y_pos_initial = 64.42848650109873
z_pos_initial = 97.76401072842462
x_vel_initial = -3.41474406344909
y_vel_initial = 5.1605112590707005
z_vel_initial = 1.3935246288908765