gravity = 0.0
x_pos_initial = 95.75115405663276
y_pos_initial = 85.65117023147681
z_pos_initial = 74.96879811152276
x_vel_initial = 1.3960348241546967
y_vel_initial = -3.8566607236840564
z_vel_initial = 6.27135366417108