gravity = 0.0
x_pos_initial = 68.9105940683713
y_pos_initial = 5.0183250062186495
z_pos_initial = 69.8460147026141
x_vel_initial = 4.127017847973574
y_vel_initial = 3.1491881162377524
z_vel_initial = 6.085103004541757