gravity = 0.0
x_pos_initial = 55.5553204081841
y_pos_initial = 60.251257654521105
z_pos_initial = 90.43655554268959
x_vel_initial = -7.041701745363765
y_vel_initial = -4.894377506316075
z_vel_initial = 9.623933072566
num_bounces = 4
