gravity = 0.0
x_pos_initial = 38.19620791449333
y_pos_initial = 85.58904567321474
z_pos_initial = 60.13104886809182
x_vel_initial = 3.3068270040511614
y_vel_initial = 2.854950858103841
z_vel_initial = -9.72467805803377