gravity = 0.5
x_pos_initial = 26.725747382165267
y_pos_initial = 95.56877696794326
z_pos_initial = 83.15333580703019
x_vel_initial = 0.9171247073248505
y_vel_initial = 4.286460776968788
z_vel_initial = -0.19427620289658343