gravity = 10.0
x_pos_initial = 94.99652064961282
y_pos_initial = 44.114485795712206
z_pos_initial = 52.02943418085615
x_vel_initial = 3.9901090963443444
y_vel_initial = -4.3453152935750055
z_vel_initial = -6.435984345805436
num_bounces = 7
