gravity = 0.5
x_pos_initial = 48.744024372641725
y_pos_initial = 9.832707736035152
z_pos_initial = 84.80287321981498
x_vel_initial = 6.345834292289712
y_vel_initial = 9.08975628536884
z_vel_initial = -5.963121919083396