gravity = 10.0
x_pos_initial = 1.6581753969126054
y_pos_initial = 35.78936333932586
z_pos_initial = 10.220708731025033
x_vel_initial = -9.346992069622997
y_vel_initial = 3.42610719529044
z_vel_initial = -5.085504940381334