gravity = 10.0
x_pos_initial = 43.346049619880674
y_pos_initial = 34.11851848348567
z_pos_initial = 30.511401759454372
x_vel_initial = -1.5114624625674278
y_vel_initial = 8.318216919205451
z_vel_initial = -7.023671562991552
num_bounces = 6
