gravity = 0.5
x_pos_initial = 56.78193923888887
y_pos_initial = 7.441055709146836
z_pos_initial = 81.85558007287143
x_vel_initial = 0.03609618842849294
y_vel_initial = -2.1996711457422515
z_vel_initial = 1.4187301750627839