gravity = 0.0
x_pos_initial = 74.84386387891458
y_pos_initial = 9.22368737285579
z_pos_initial = 53.99923518327408
x_vel_initial = 3.6634000848440706
y_vel_initial = 7.437281508871063
z_vel_initial = -5.8230235101572125