gravity = 0.0
x_pos_initial = 32.135264216955306
y_pos_initial = 84.6909561687132
z_pos_initial = 95.39685808924708
x_vel_initial = 2.4670377855996364
y_vel_initial = -3.2078851912592112
z_vel_initial = -7.485414925206715