gravity = 10.0
x_pos_initial = 2.310487983007291
y_pos_initial = 84.47135357261023
z_pos_initial = 59.456079513375144
x_vel_initial = 0.08907434738992492
y_vel_initial = 2.8848304676906977
z_vel_initial = -6.206382462899622
num_bounces = 7
