gravity = 10.0
x_pos_initial = 94.18890645692235
y_pos_initial = 37.57973516098712
z_pos_initial = 95.74823154817727
x_vel_initial = 0.9334192330984283
y_vel_initial = 1.0352541613796618
z_vel_initial = 4.400773176042225
num_bounces = 7
