gravity = 0.0
x_pos_initial = 69.43280006841212
y_pos_initial = 45.863929099593896
z_pos_initial = 38.01560530007054
x_vel_initial = -5.309620515138897
y_vel_initial = 0.933452086348284
z_vel_initial = -6.536393386563498