gravity = 0.0
x_pos_initial = 37.30568296275857
y_pos_initial = 61.4957291583222
z_pos_initial = 4.24959991199263
x_vel_initial = 6.635646344003053
y_vel_initial = -7.815943772533046
z_vel_initial = -0.4818406481557975
num_bounces = 3
