gravity = 0.5
x_pos_initial = 55.32638095767426
y_pos_initial = 40.82368800878816
z_pos_initial = 4.305552490909746
x_vel_initial = -0.1025036806686046
y_vel_initial = 5.542357114597403
z_vel_initial = -3.878072381478404