gravity = 0.5
x_pos_initial = 69.690558710167
y_pos_initial = 65.38557309551102
z_pos_initial = 74.68352494793528
x_vel_initial = -7.224937877883814
y_vel_initial = -9.173159685870605
z_vel_initial = 9.277952619339239
num_bounces = 21
