gravity = 10.0
x_pos_initial = 46.716169262726034
y_pos_initial = 33.550367786940896
z_pos_initial = 15.970272893393465
x_vel_initial = 3.0672132733882282
y_vel_initial = -6.025782081772816
z_vel_initial = -6.030344032434693
num_bounces = 7
