gravity = 10.0
x_pos_initial = 3.8085115986473568
y_pos_initial = 84.02734692961803
z_pos_initial = 49.84815583162322
x_vel_initial = 0.2127411572144986
y_vel_initial = 8.970260122238294
z_vel_initial = 2.106660142897658