gravity = 0.5
x_pos_initial = 82.19381900177301
y_pos_initial = 88.52637229528317
z_pos_initial = 66.13651051954076
x_vel_initial = 0.7588076210215089
y_vel_initial = -4.602481634136474
z_vel_initial = 5.164383438006329