gravity = 0.0
x_pos_initial = 87.21701160922166
y_pos_initial = 59.18627942181921
z_pos_initial = 79.12747207151325
x_vel_initial = -0.4916431891823496
y_vel_initial = -7.305707491411506
z_vel_initial = 5.236207214805502
num_bounces = 2
