gravity = 0.5
x_pos_initial = 46.921033654396524
y_pos_initial = 86.98639788341913
z_pos_initial = 30.38303444793278
x_vel_initial = -2.446285272880206
y_vel_initial = 2.1993406967159927
z_vel_initial = -9.302258232974527
num_bounces = 21
