gravity = 0.0
x_pos_initial = 90.42198513463009
y_pos_initial = 56.61146180372381
z_pos_initial = 17.98380894181651
x_vel_initial = -0.7189945236204345
y_vel_initial = -0.7894769117888565
z_vel_initial = -7.9636120008209055