gravity = 0.0
x_pos_initial = 57.22990251445731
y_pos_initial = 24.30934604332947
z_pos_initial = 19.498590369131474
x_vel_initial = 8.277352100723661
y_vel_initial = 9.469350264560262
z_vel_initial = 7.162397421526141
num_bounces = 3
