gravity = 10.0
x_pos_initial = 90.24512838770136
y_pos_initial = 91.21835668620182
z_pos_initial = 53.50661761993203
x_vel_initial = -9.114394337486022
y_vel_initial = 8.57443939061384
z_vel_initial = -5.094591463853924