gravity = 0.0
x_pos_initial = 90.44771186760875
y_pos_initial = 94.13351834402754
z_pos_initial = 99.69229546991468
x_vel_initial = 6.113523060876869
y_vel_initial = 4.307323226430141
z_vel_initial = -9.255469255985558
num_bounces = 3
