gravity = 0.0
x_pos_initial = 50.008223617800596
y_pos_initial = 15.811649199357374
z_pos_initial = 28.27442680627487
x_vel_initial = 9.86600453312085
y_vel_initial = -2.0331650936958026
z_vel_initial = -2.2808866810253896
num_bounces = 4
