gravity = 0.0
x_pos_initial = 77.82798683969487
y_pos_initial = 17.165848471025825
z_pos_initial = 68.30715471772854
x_vel_initial = -1.509522864057658
y_vel_initial = -6.287272889765161
z_vel_initial = -9.113034564453008
num_bounces = 2
