gravity = 0.0
x_pos_initial = 19.69162484248235
y_pos_initial = 79.99816497843103
z_pos_initial = 14.486046453059172
x_vel_initial = 3.3224310306075786
y_vel_initial = 5.2847060291001355
z_vel_initial = -9.998527672593305
num_bounces = 3
