gravity = 10.0
x_pos_initial = 49.210804192349585
y_pos_initial = 47.29755232478691
z_pos_initial = 87.70756469996385
x_vel_initial = 1.1309484797585387
y_vel_initial = -0.5264459010918046
z_vel_initial = 1.3213836673759225