gravity = 0.0
x_pos_initial = 22.472949053642072
y_pos_initial = 52.13610407959288
z_pos_initial = 91.3512421247658
x_vel_initial = -0.2728492345716962
y_vel_initial = 7.210972959663533
z_vel_initial = -8.725924992757971
num_bounces = 2
