gravity = 10.0
x_pos_initial = 95.01918553960087
y_pos_initial = 93.3233851258792
z_pos_initial = 94.59475626190769
x_vel_initial = -3.9942082802317573
y_vel_initial = 9.792482012774002
z_vel_initial = 6.260459224516797
num_bounces = 7
