gravity = 0.0
x_pos_initial = 37.84134652206145
y_pos_initial = 14.499701219055769
z_pos_initial = 82.52049756836522
x_vel_initial = 0.5171517568180803
y_vel_initial = -5.863669791289998
z_vel_initial = 3.9954841125139673