gravity = 10.0
x_pos_initial = 72.47557370088872
y_pos_initial = 3.9998684181288198
z_pos_initial = 83.50954276532569
x_vel_initial = -2.7962129704001697
y_vel_initial = 4.721546816964306
z_vel_initial = -6.766673752886337