gravity = 10.0
x_pos_initial = 31.271247921696293
y_pos_initial = 37.092614852338805
z_pos_initial = 28.406637736024596
x_vel_initial = 2.1781878853701304
y_vel_initial = 1.629847150060586
z_vel_initial = 2.112954710167756