gravity = 0.0
x_pos_initial = 62.1797158265829
y_pos_initial = 8.93662448118032
z_pos_initial = 8.589193788233858
x_vel_initial = -1.0416043333186789
y_vel_initial = -8.423066982979059
z_vel_initial = -1.9631262835224312
num_bounces = 3
