gravity = 0.5
x_pos_initial = 82.25265001113804
y_pos_initial = 47.166230446455806
z_pos_initial = 39.92159389984886
x_vel_initial = -8.545461792554788
y_vel_initial = -1.672927031037874
z_vel_initial = 5.071101309615166