gravity = 0.0
x_pos_initial = 81.4762808908601
y_pos_initial = 51.94223740716929
z_pos_initial = 67.9958205836091
x_vel_initial = -4.131602386933321
y_vel_initial = -1.196722772089581
z_vel_initial = 5.073744377961354