gravity = 0.5
x_pos_initial = 17.69509102748358
y_pos_initial = 26.11108684097593
z_pos_initial = 21.052423721989072
x_vel_initial = -1.2507446671215217
y_vel_initial = -2.3599400860263753
z_vel_initial = -3.6041644756219764