gravity = 10.0
x_pos_initial = 40.15280353641916
y_pos_initial = 9.673834088562067
z_pos_initial = 74.37795581966715
x_vel_initial = -6.045659471837977
y_vel_initial = 8.65250974409959
z_vel_initial = 4.182252261472042
num_bounces = 5
