gravity = 0.5
x_pos_initial = 62.18726875648644
y_pos_initial = 9.29467737213206
z_pos_initial = 30.804131927687962
x_vel_initial = 7.780349906020785
y_vel_initial = -2.5980179634128646
z_vel_initial = 8.456650394810264
num_bounces = 14
