gravity = 0.5
x_pos_initial = 91.81373596746987
y_pos_initial = 10.219905684784766
z_pos_initial = 78.7548687772098
x_vel_initial = -7.8147925605097175
y_vel_initial = -3.7465495772065704
z_vel_initial = 4.154957536754194
num_bounces = 14
