gravity = 0.0
x_pos_initial = 62.92798140577766
y_pos_initial = 27.679143440316697
z_pos_initial = 78.17134727751682
x_vel_initial = -0.3023320545296162
y_vel_initial = 5.61867450539213
z_vel_initial = 0.2552179643119672
num_bounces = 1
