gravity = 0.5
x_pos_initial = 17.248751040697886
y_pos_initial = 15.168244513599113
z_pos_initial = 69.63554233356831
x_vel_initial = -9.840265413379534
y_vel_initial = -8.02418949944623
z_vel_initial = -9.848996494514168