gravity = 0.5
x_pos_initial = 7.8746333472115095
y_pos_initial = 24.91547670855162
z_pos_initial = 77.58532734139648
x_vel_initial = -0.9931921349338353
y_vel_initial = -0.618369583198886
z_vel_initial = -3.22124444639947