gravity = 0.5
x_pos_initial = 92.46977154529532
y_pos_initial = 33.85948584128825
z_pos_initial = 47.0540766114012
x_vel_initial = 0.8126215429415335
y_vel_initial = 4.193070261095835
z_vel_initial = 3.212559337298508