gravity = 10.0
x_pos_initial = 20.661422802239983
y_pos_initial = 56.399389630435266
z_pos_initial = 51.22375127937055
x_vel_initial = 2.7385107089872776
y_vel_initial = 4.049495998648872
z_vel_initial = 8.143098043565114
num_bounces = 6
