gravity = 0.0
x_pos_initial = 18.849466866830465
y_pos_initial = 99.05405641444786
z_pos_initial = 7.787703079251766
x_vel_initial = -4.088465666464982
y_vel_initial = 2.9550416782952666
z_vel_initial = -2.3910542914548287