gravity = 0.0
x_pos_initial = 58.624592784052666
y_pos_initial = 14.666232936424917
z_pos_initial = 60.00893756377168
x_vel_initial = -5.259349126627981
y_vel_initial = -1.8430555226834038
z_vel_initial = -8.674674712046295