gravity = 0.0
x_pos_initial = 77.30901055826476
y_pos_initial = 75.92740628467986
z_pos_initial = 97.11736207896594
x_vel_initial = 1.143107906936784
y_vel_initial = -9.470598600786044
z_vel_initial = 1.6462938001077774