gravity = 0.5
x_pos_initial = 72.87288946948279
y_pos_initial = 60.21406113542642
z_pos_initial = 65.86751402140565
x_vel_initial = 6.559514327787632
y_vel_initial = 4.733403499989757
z_vel_initial = -6.779316283423139