gravity = 0.0
x_pos_initial = 65.13207939398796
y_pos_initial = 66.69554788328462
z_pos_initial = 27.378840264939594
x_vel_initial = -9.533654038794026
y_vel_initial = -3.8386855951816923
z_vel_initial = -0.26175724204409256
num_bounces = 2
