gravity = 0.5
x_pos_initial = 54.340811121548214
y_pos_initial = 45.065925530712505
z_pos_initial = 69.35919193858265
x_vel_initial = -8.550716550147492
y_vel_initial = 3.5461147545423817
z_vel_initial = 2.034675767941579
num_bounces = 21
