gravity = 0.5
x_pos_initial = 4.094869541447304
y_pos_initial = 82.62054970203246
z_pos_initial = 60.73843240021365
x_vel_initial = -9.268232392577277
y_vel_initial = 0.7827217355724283
z_vel_initial = -8.102921436617986
num_bounces = 25
