gravity = 0.0
x_pos_initial = 90.401536874039
y_pos_initial = 86.5192121152631
z_pos_initial = 89.4432580520372
x_vel_initial = -9.741262260840864
y_vel_initial = -1.4849997960565826
z_vel_initial = -8.548583185200078
num_bounces = 2
