gravity = 0.5
x_pos_initial = 5.5193237119471235
y_pos_initial = 34.3472026267946
z_pos_initial = 56.64807476547048
x_vel_initial = -1.9135822280927517
y_vel_initial = 0.4078982819686292
z_vel_initial = 7.264500060262915