gravity = 0.0
x_pos_initial = 97.9714315794548
y_pos_initial = 13.66704231257499
z_pos_initial = 89.77869384856022
x_vel_initial = 3.88373673982481
y_vel_initial = -3.972045215385406
z_vel_initial = -0.617826829480423
num_bounces = 2
