gravity = 0.0
x_pos_initial = 79.66176482611533
y_pos_initial = 93.5643443215173
z_pos_initial = 28.37455695932905
x_vel_initial = -1.1901589810007422
y_vel_initial = 2.1030637067203397
z_vel_initial = 8.65074061021604
num_bounces = 2
