gravity = 0.0
x_pos_initial = 86.57415390013405
y_pos_initial = 38.791202800024074
z_pos_initial = 24.919819203610736
x_vel_initial = -3.332659478369771
y_vel_initial = -7.607206190987327
z_vel_initial = -5.040222165421221