gravity = 0.0
x_pos_initial = 11.208221322835504
y_pos_initial = 22.246578654746806
z_pos_initial = 7.284748833128614
x_vel_initial = -6.165946469699193
y_vel_initial = -7.66551328664154
z_vel_initial = -0.7172743448029948