gravity = 0.5
x_pos_initial = 32.59198752821724
y_pos_initial = 94.32111962316614
z_pos_initial = 2.9050571322593566
x_vel_initial = 7.167412314610129
y_vel_initial = 2.917074464210316
z_vel_initial = -3.70426516023955