gravity = 0.0
x_pos_initial = 72.99596565493648
y_pos_initial = 47.61266479237264
z_pos_initial = 85.11573327794869
x_vel_initial = -7.237805942440074
y_vel_initial = 7.392456966811821
z_vel_initial = 6.464391780978641