gravity = 0.5
x_pos_initial = 59.13800949973178
y_pos_initial = 66.58210735974016
z_pos_initial = 90.24403019092559
x_vel_initial = -8.508758639290857
y_vel_initial = -4.8777652338014486
z_vel_initial = 9.302441357733255