gravity = 0.0
x_pos_initial = 95.92348675975613
y_pos_initial = 75.88454867981346
z_pos_initial = 80.22718892722148
x_vel_initial = -8.759798073884868
y_vel_initial = 0.06146867804934786
z_vel_initial = 2.183049503121943
num_bounces = 2
