gravity = 0.5
x_pos_initial = 22.195045454836634
y_pos_initial = 92.43827248707316
z_pos_initial = 10.43802750889467
x_vel_initial = -4.605621994986499
y_vel_initial = -5.931840202721602
z_vel_initial = -0.875825476310391
num_bounces = 21
