gravity = 0.0
x_pos_initial = 41.95450934798314
y_pos_initial = 2.5327205928185537
z_pos_initial = 71.9654523672451
x_vel_initial = -2.4936477636746046
y_vel_initial = -6.812466941449577
z_vel_initial = 6.679878873442782
num_bounces = 4
