gravity = 0.0
x_pos_initial = 83.30445758943915
y_pos_initial = 9.102231410918158
z_pos_initial = 14.855566174013095
x_vel_initial = -7.797592080457882
y_vel_initial = -3.8782804067723555
z_vel_initial = 9.215442685166174
num_bounces = 3
