gravity = 0.0
x_pos_initial = 0.13419445459659074
y_pos_initial = 74.9390186600345
z_pos_initial = 75.43148633239188
x_vel_initial = 8.347817873258101
y_vel_initial = 8.391182534043775
z_vel_initial = -9.441126421634863
num_bounces = 4
