gravity = 0.0
x_pos_initial = 72.74109480556713
y_pos_initial = 3.0810316457093445
z_pos_initial = 48.2084292004352
x_vel_initial = 1.7499403227958297
y_vel_initial = 4.08619837598437
z_vel_initial = 6.941939349352769