gravity = 0.0
x_pos_initial = 7.751387711820525
y_pos_initial = 60.669397261291884
z_pos_initial = 95.38037391449527
x_vel_initial = -1.3290652729109613
y_vel_initial = 2.4585229051193735
z_vel_initial = 4.269075590270283