gravity = 0.5
x_pos_initial = 81.93920033390089
y_pos_initial = 56.94195383357835
z_pos_initial = 96.54227388603142
x_vel_initial = 2.7082282620674025
y_vel_initial = -6.873503089661376
z_vel_initial = 9.53741392122916