gravity = 0.0
x_pos_initial = 48.50988514323722
y_pos_initial = 46.60890638563511
z_pos_initial = 73.1172107823779
x_vel_initial = 0.6625388834793036
y_vel_initial = 6.0217518721517145
z_vel_initial = 6.778715888439816
num_bounces = 2
