gravity = 10.0
x_pos_initial = 44.21093420762397
y_pos_initial = 0.3855340715642316
z_pos_initial = 69.62034600369847
x_vel_initial = 4.767611000562347
y_vel_initial = -2.8360581983933963
z_vel_initial = 6.379986690172412
num_bounces = 3
