gravity = 10.0
x_pos_initial = 19.936404961916367
y_pos_initial = 33.30066124003266
z_pos_initial = 49.69316285251655
x_vel_initial = 2.7728502874174126
y_vel_initial = 1.8241161531597
z_vel_initial = 8.840273113774707
num_bounces = 6
