gravity = 0.0
x_pos_initial = 65.27156440008883
y_pos_initial = 83.12154905750991
z_pos_initial = 26.790741946121106
x_vel_initial = -9.090885352926188
y_vel_initial = -2.716477881384371
z_vel_initial = 7.342608992843907