gravity = 10.0
x_pos_initial = 0.3761255927251146
y_pos_initial = 51.62858044435891
z_pos_initial = 16.938068253845735
x_vel_initial = 1.8280009456071529
y_vel_initial = 3.8382207699514286
z_vel_initial = -5.770216744536737