gravity = 10.0
x_pos_initial = 79.04478276448305
y_pos_initial = 50.03769659185494
z_pos_initial = 96.90824474340424
x_vel_initial = -0.14919255488703698
y_vel_initial = -7.843931674468539
z_vel_initial = 1.7102634802174013