gravity = 0.0
x_pos_initial = 41.71939342844047
y_pos_initial = 24.353559679648924
z_pos_initial = 8.257223324812276
x_vel_initial = -1.10913897674037
y_vel_initial = 9.46406565688062
z_vel_initial = 0.7691090330650834