gravity = 0.5
x_pos_initial = 64.23983836214386
y_pos_initial = 64.30434062246091
z_pos_initial = 26.946542111040003
x_vel_initial = -8.285367950276799
y_vel_initial = 1.3460209709807387
z_vel_initial = 4.852263041874151