gravity = 0.0
x_pos_initial = 76.13148284381865
y_pos_initial = 60.551863950866085
z_pos_initial = 74.12049436509525
x_vel_initial = 0.6923276214909357
y_vel_initial = -8.40760085974079
z_vel_initial = 6.596535234214745
num_bounces = 2
