gravity = 0.5
x_pos_initial = 84.57392359122949
y_pos_initial = 40.50868942129918
z_pos_initial = 97.99689398716122
x_vel_initial = -2.376804801178767
y_vel_initial = -6.121777719633158
z_vel_initial = -2.2679218060979576
num_bounces = 19
