gravity = 0.0
x_pos_initial = 24.960160593139477
y_pos_initial = 45.798499286416934
z_pos_initial = 39.071940416963486
x_vel_initial = -6.250280639958092
y_vel_initial = -4.117561772233946
z_vel_initial = 3.984683738069265
num_bounces = 3
