gravity = 0.5
x_pos_initial = 58.39190594089192
y_pos_initial = 57.02326489701583
z_pos_initial = 4.339546587258476
x_vel_initial = -4.4541245070537725
y_vel_initial = -0.36647581367338056
z_vel_initial = -5.179712886897189
num_bounces = 17
