gravity = 0.5
x_pos_initial = 99.8059946656634
y_pos_initial = 85.2296819357918
z_pos_initial = 26.075465774377868
x_vel_initial = 6.879106009667307
y_vel_initial = -2.6905512717673368
z_vel_initial = -8.944594400214694
num_bounces = 21
