gravity = 0.0
x_pos_initial = 73.65651007455779
y_pos_initial = 87.74207277912585
z_pos_initial = 54.869195233083396
x_vel_initial = 4.900489779441495
y_vel_initial = -2.3618417206847395
z_vel_initial = 4.1782995515853205