gravity = 10.0
x_pos_initial = 33.533659093566385
y_pos_initial = 85.74887761866965
z_pos_initial = 71.71180167175675
x_vel_initial = -3.766558261750183
y_vel_initial = 1.4686761259558452
z_vel_initial = 0.4776691656305747
num_bounces = 7
