gravity = 0.5
x_pos_initial = 8.080808410355825
y_pos_initial = 84.07163279140528
z_pos_initial = 24.114416364933778
x_vel_initial = -6.2217568777908365
y_vel_initial = -1.8403295898089471
z_vel_initial = 9.92062287437134