gravity = 0.0
x_pos_initial = 37.176694001341126
y_pos_initial = 30.708822691620984
z_pos_initial = 87.08400510487671
x_vel_initial = -1.2038086746405732
y_vel_initial = -7.3061784293880745
z_vel_initial = 9.033670157636426
num_bounces = 3
