gravity = 10.0
x_pos_initial = 75.09575328163902
y_pos_initial = 83.52610390589128
z_pos_initial = 57.24635987474361
x_vel_initial = -3.3239965571844747
y_vel_initial = 1.2722488587739331
z_vel_initial = 4.743440117260441