gravity = 10.0
x_pos_initial = 51.440984888054786
y_pos_initial = 16.881211629244458
z_pos_initial = 15.95294250493274
x_vel_initial = -3.14928255232065
y_vel_initial = -5.327800380526636
z_vel_initial = 8.86784775043601