gravity = 0.5
x_pos_initial = 4.426935521269145
y_pos_initial = 31.18329524118891
z_pos_initial = 67.06246321285693
x_vel_initial = 6.475550468607658
y_vel_initial = 8.742800149094954
z_vel_initial = 9.936743788654098