gravity = 10.0
x_pos_initial = 96.16146703410168
y_pos_initial = 21.213076694531164
z_pos_initial = 67.20076919414761
x_vel_initial = 6.089010777380679
y_vel_initial = 4.074369866441945
z_vel_initial = 9.755371463864755
num_bounces = 7
