gravity = 0.0
x_pos_initial = 58.3062570962815
y_pos_initial = 67.42217700474828
z_pos_initial = 20.353865573994845
x_vel_initial = -8.972703801994738
y_vel_initial = 3.6909443686657823
z_vel_initial = -7.383607583353504
num_bounces = 4
