gravity = 0.0
x_pos_initial = 95.61437100254275
y_pos_initial = 44.93796901629258
z_pos_initial = 76.51614610063214
x_vel_initial = -1.819342563454608
y_vel_initial = 7.677082200318754
z_vel_initial = 2.3451568877803446
num_bounces = 2
