gravity = 0.0
x_pos_initial = 97.41009291851712
y_pos_initial = 15.982638814759516
z_pos_initial = 31.409866846299323
x_vel_initial = -4.883012893734521
y_vel_initial = 1.63646315460646
z_vel_initial = -4.644396994181801
num_bounces = 1
