gravity = 0.5
x_pos_initial = 13.078387969694095
y_pos_initial = 3.418663359241913
z_pos_initial = 49.624143128166125
x_vel_initial = 1.476606507989386
y_vel_initial = 3.3029574047787023
z_vel_initial = -9.404562992275181
num_bounces = 9
