gravity = 0.5
x_pos_initial = 97.00263141166113
y_pos_initial = 40.2783199910687
z_pos_initial = 13.75858032910942
x_vel_initial = -0.9697409593754553
y_vel_initial = -2.049572253527556
z_vel_initial = -2.6524690623846903
num_bounces = 19
