gravity = 10.0
x_pos_initial = 13.214878591462067
y_pos_initial = 77.2562795731568
z_pos_initial = 62.16657482225347
x_vel_initial = 0.8224662663722881
y_vel_initial = -4.645423480750036
z_vel_initial = -8.256813550986388
num_bounces = 5
