gravity = 0.5
x_pos_initial = 41.10343014440494
y_pos_initial = 50.46479500974122
z_pos_initial = 14.621704733924396
x_vel_initial = 4.201821130477294
y_vel_initial = -2.9492479035851256
z_vel_initial = -5.4843914686267645
num_bounces = 22
