gravity = 0.5
x_pos_initial = 42.64636831337874
y_pos_initial = 88.91582924520725
z_pos_initial = 50.46282263019114
x_vel_initial = 9.171624390308974
y_vel_initial = -9.91782803424
z_vel_initial = 3.4865229976772447
num_bounces = 18
