gravity = 0.5
x_pos_initial = 22.372509547380623
y_pos_initial = 36.59410536717758
z_pos_initial = 85.55617218920517
x_vel_initial = -4.446501612276869
y_vel_initial = -0.7934254929309539
z_vel_initial = -3.072197570257786