gravity = 0.5
x_pos_initial = 82.75530719060899
y_pos_initial = 11.223151096098684
z_pos_initial = 84.00354127450859
x_vel_initial = -6.26372733565006
y_vel_initial = -4.098408239589809
z_vel_initial = -6.524138684875701