gravity = 0.0
x_pos_initial = 73.55398567004589
y_pos_initial = 60.69887732607678
z_pos_initial = 54.28196664764465
x_vel_initial = -5.965637342896001
y_vel_initial = 4.340560479639786
z_vel_initial = 8.81947986942301