gravity = 0.0
x_pos_initial = 92.40802285969895
y_pos_initial = 5.028558622058897
z_pos_initial = 83.58924770108412
x_vel_initial = -7.931374501177272
y_vel_initial = 9.055708669719444
z_vel_initial = -1.4081474858317549