gravity = 0.0
x_pos_initial = 72.73558699490383
y_pos_initial = 95.83228888657825
z_pos_initial = 1.6868177455588227
x_vel_initial = 5.111069403765379
y_vel_initial = 1.4631022010952215
z_vel_initial = -6.320632251236608
num_bounces = 4
