gravity = 0.0
x_pos_initial = 28.281738570591898
y_pos_initial = 34.74208871560891
z_pos_initial = 91.52198103316387
x_vel_initial = 3.786596516318511
y_vel_initial = -8.413155555786966
z_vel_initial = 5.999943801158578