gravity = 0.0
x_pos_initial = 95.73564882891856
y_pos_initial = 16.54608587762846
z_pos_initial = 52.8800503361218
x_vel_initial = 9.901837179617548
y_vel_initial = 7.629405017198724
z_vel_initial = -4.88115985091985