gravity = 0.0
x_pos_initial = 22.250011918744455
y_pos_initial = 91.31527873815601
z_pos_initial = 66.66547056565571
x_vel_initial = 0.40733265291620313
y_vel_initial = -6.512900951399496
z_vel_initial = -6.833498777218159
num_bounces = 2
