gravity = 0.5
x_pos_initial = 21.881014558567824
y_pos_initial = 44.28258399721741
z_pos_initial = 68.30881523220307
x_vel_initial = -3.9504294033629046
y_vel_initial = 9.387221959949876
z_vel_initial = -7.791949625540447