gravity = 10.0
x_pos_initial = 10.296981097900488
y_pos_initial = 79.55202190866326
z_pos_initial = 6.784471481369561
x_vel_initial = -0.011001581657978932
y_vel_initial = -5.948738755419045
z_vel_initial = -9.612536239597647
num_bounces = 6
