gravity = 10.0
x_pos_initial = 5.081946612616195
y_pos_initial = 18.010490971170448
z_pos_initial = 99.77497858848483
x_vel_initial = 5.738211857891166
y_vel_initial = -3.594831380194414
z_vel_initial = 4.451138368979571
num_bounces = 5
