gravity = 10.0
x_pos_initial = 33.51789166017754
y_pos_initial = 22.247127525097024
z_pos_initial = 97.0979929789993
x_vel_initial = -9.617387029982511
y_vel_initial = -6.233856437580965
z_vel_initial = -0.8986450113701832
num_bounces = 5
