gravity = 10.0
x_pos_initial = 69.42993125124177
y_pos_initial = 52.1884676034861
z_pos_initial = 13.430734769503477
x_vel_initial = 1.1188992537328168
y_vel_initial = -2.8728864018898435
z_vel_initial = 0.6591296638081658