gravity = 0.0
x_pos_initial = 49.76527453359716
y_pos_initial = 85.50049483742053
z_pos_initial = 81.53681958976865
x_vel_initial = 9.325918052288056
y_vel_initial = -0.26155770658908395
z_vel_initial = -2.4877867364346855