gravity = 0.5
x_pos_initial = 77.76225700726513
y_pos_initial = 58.96315334265723
z_pos_initial = 57.93217512442068
x_vel_initial = 3.3184012989092544
y_vel_initial = -6.452741094187476
z_vel_initial = 2.530797560158879