gravity = 0.5
x_pos_initial = 37.05299280473076
y_pos_initial = 93.8449066054109
z_pos_initial = 36.97280893923666
x_vel_initial = -3.1825602566294586
y_vel_initial = -2.7226299258995352
z_vel_initial = -6.276916652828442
num_bounces = 20
