gravity = 0.0
x_pos_initial = 73.53229302351056
y_pos_initial = 3.5456142430735937
z_pos_initial = 57.26628609957826
x_vel_initial = -8.48716098652113
y_vel_initial = -2.5345825284926145
z_vel_initial = 6.902628019963327