gravity = 0.0
x_pos_initial = 57.48533184698608
y_pos_initial = 23.11821620019804
z_pos_initial = 92.73130787403628
x_vel_initial = 5.2367674170921426
y_vel_initial = -2.2750064491470647
z_vel_initial = 7.346257195301188
num_bounces = 4
