gravity = 10.0
x_pos_initial = 11.369906231520396
y_pos_initial = 68.28000888032071
z_pos_initial = 53.39802319122892
x_vel_initial = 9.8731268543773
y_vel_initial = -9.342619160239753
z_vel_initial = -8.985264557814252
num_bounces = 6
