gravity = 0.0
x_pos_initial = 89.24060015726691
y_pos_initial = 0.2713825856122267
z_pos_initial = 70.93301838765704
x_vel_initial = 8.605316173270136
y_vel_initial = 3.143463971384149
z_vel_initial = 4.159347225477967