gravity = 10.0
x_pos_initial = 89.88789382297617
y_pos_initial = 43.72573325125698
z_pos_initial = 86.90849421241246
x_vel_initial = -3.584297584829268
y_vel_initial = -4.206558286209174
z_vel_initial = 0.39124635761229953