gravity = 0.0
x_pos_initial = 64.34594168603199
y_pos_initial = 0.5429124742051543
z_pos_initial = 38.70612133936799
x_vel_initial = -7.484939422287498
y_vel_initial = -1.6091691965459471
z_vel_initial = 6.575789744892422