gravity = 0.0
x_pos_initial = 42.59694480080704
y_pos_initial = 46.252252086178544
z_pos_initial = 43.342198474326246
x_vel_initial = 7.613591885366173
y_vel_initial = -8.164583208573251
z_vel_initial = -2.022671715084142
num_bounces = 2
