gravity = 0.5
x_pos_initial = 38.040657384466336
y_pos_initial = 5.8291253027510495
z_pos_initial = 7.038732270205715
x_vel_initial = -4.38202525137098
y_vel_initial = -1.7568764022738161
z_vel_initial = -8.317693637614695