gravity = 0.0
x_pos_initial = 80.7244817818001
y_pos_initial = 23.537198737959393
z_pos_initial = 34.423126656442605
x_vel_initial = 5.529447309377421
y_vel_initial = 4.539859369704686
z_vel_initial = -7.2665621123230615