gravity = 0.0
x_pos_initial = 69.55865134067787
y_pos_initial = 43.321655549475594
z_pos_initial = 99.550022882935
x_vel_initial = -3.021191004780807
y_vel_initial = 3.6636967068099384
z_vel_initial = 9.714814789637696