gravity = 0.0
x_pos_initial = 40.86843746336001
y_pos_initial = 32.8149747755237
z_pos_initial = 77.54860263894987
x_vel_initial = 0.6128889814557112
y_vel_initial = 9.909680147326515
z_vel_initial = 7.429977346134013
num_bounces = 3
