gravity = 0.0
x_pos_initial = 98.49148474357827
y_pos_initial = 41.812194541014996
z_pos_initial = 62.34365504279682
x_vel_initial = -6.864424858005771
y_vel_initial = 0.07864339681063548
z_vel_initial = 5.910951910590715