gravity = 0.0
x_pos_initial = 89.27973958881752
y_pos_initial = 13.816384963944973
z_pos_initial = 34.407318831641454
x_vel_initial = 0.7288591250527077
y_vel_initial = -0.543198997862218
z_vel_initial = -5.95563446633995