gravity = 10.0
x_pos_initial = 27.586132897778832
y_pos_initial = 46.127318261267874
z_pos_initial = 2.7162094676713022
x_vel_initial = -7.495372594038431
y_vel_initial = 6.959583093702868
z_vel_initial = 1.9203164983373266