gravity = 0.0
x_pos_initial = 54.89842325981052
y_pos_initial = 50.56396906669956
z_pos_initial = 56.568167739109064
x_vel_initial = 5.874946374886859
y_vel_initial = 6.159403281464506
z_vel_initial = -7.515117111021404