gravity = 0.5
x_pos_initial = 7.318899212807076
y_pos_initial = 72.17889792651194
z_pos_initial = 97.59668760152316
x_vel_initial = -1.0802615165344651
y_vel_initial = 2.15280207035255
z_vel_initial = 0.9652776975011168