gravity = 10.0
x_pos_initial = 30.932856459959776
y_pos_initial = 6.844493362799768
z_pos_initial = 54.456961971497
x_vel_initial = 0.3552814027501796
y_vel_initial = 6.664712804385218
z_vel_initial = -6.523914711492107
num_bounces = 2
