gravity = 0.5
x_pos_initial = 17.856261580686823
y_pos_initial = 95.89957973134038
z_pos_initial = 88.22371492671878
x_vel_initial = -7.643314309432926
y_vel_initial = 7.464252284325813
z_vel_initial = 5.123252845617749
num_bounces = 21
