gravity = 0.0
x_pos_initial = 69.85750436357542
y_pos_initial = 69.52145633313386
z_pos_initial = 78.79972893706761
x_vel_initial = 7.073056395843576
y_vel_initial = -6.71054235108312
z_vel_initial = -4.551256736090399
num_bounces = 3
