gravity = 0.0
x_pos_initial = 9.29319461595249
y_pos_initial = 84.97430801960135
z_pos_initial = 40.712357960129225
x_vel_initial = -3.594010348880638
y_vel_initial = 5.390017342666562
z_vel_initial = -4.9854659705530935