gravity = 0.0
x_pos_initial = 58.92193455010095
y_pos_initial = 1.7706287345467127
z_pos_initial = 49.56067072343929
x_vel_initial = 9.997000510377973
y_vel_initial = 9.925096663129867
z_vel_initial = -3.8610577827082135