gravity = 0.0
x_pos_initial = 91.43085261142846
y_pos_initial = 89.46658755426955
z_pos_initial = 92.13197228469642
x_vel_initial = -1.1942505772713492
y_vel_initial = 8.776884217750819
z_vel_initial = 8.39823002885596
num_bounces = 4
