gravity = 0.0
x_pos_initial = 91.52927883106472
y_pos_initial = 1.990495408598671
z_pos_initial = 42.73324462451585
x_vel_initial = 7.732961406579406
y_vel_initial = 7.311462254650113
z_vel_initial = -7.044535037653054