gravity = 0.0
x_pos_initial = 79.60714884546958
y_pos_initial = 15.028143779245342
z_pos_initial = 73.76004028164743
x_vel_initial = -8.597368696511898
y_vel_initial = 1.9449911863418805
z_vel_initial = 1.7606761716231034