gravity = 10.0
x_pos_initial = 97.98579463803217
y_pos_initial = 72.41488515541982
z_pos_initial = 93.44090919146103
x_vel_initial = 0.12671441792724814
y_vel_initial = 5.128042994258928
z_vel_initial = -3.9615356341820407