gravity = 0.0
x_pos_initial = 68.58962285109862
y_pos_initial = 10.395484650948317
z_pos_initial = 85.19827891520013
x_vel_initial = 4.718706193320216
y_vel_initial = 6.0781099645328105
z_vel_initial = -4.148453037363144