gravity = 0.0
x_pos_initial = 71.03051050654533
y_pos_initial = 74.16233064047186
z_pos_initial = 0.1516438824285874
x_vel_initial = -7.595169124716986
y_vel_initial = 9.867036589346103
z_vel_initial = -2.7383136902108616