gravity = 10.0
x_pos_initial = 5.23714339716885
y_pos_initial = 92.9755174821149
z_pos_initial = 69.82162806066499
x_vel_initial = 3.864275893218519
y_vel_initial = 0.9211897905753119
z_vel_initial = -0.5978472550292313