gravity = 10.0
x_pos_initial = 20.879451388760106
y_pos_initial = 81.90716189046407
z_pos_initial = 6.450960608947833
x_vel_initial = 3.3884462715160257
y_vel_initial = -8.752907564505506
z_vel_initial = -3.3101322320198303