gravity = 10.0
x_pos_initial = 13.070420338365688
y_pos_initial = 56.32287843348607
z_pos_initial = 32.883228523512926
x_vel_initial = -4.54918822105288
y_vel_initial = -1.3194999893585404
z_vel_initial = -4.857296715678789