gravity = 0.5
x_pos_initial = 56.49116749016271
y_pos_initial = 39.355506723104185
z_pos_initial = 94.37178672031766
x_vel_initial = 4.684478934432589
y_vel_initial = 4.39158573367056
z_vel_initial = -9.34501412429941
num_bounces = 21
