gravity = 0.0
x_pos_initial = 75.5556719016506
y_pos_initial = 22.542045769107034
z_pos_initial = 62.41507967581224
x_vel_initial = 7.537976832221677
y_vel_initial = 5.952534401784437
z_vel_initial = -8.499717803038804