gravity = 0.0
x_pos_initial = 46.9857533201464
y_pos_initial = 28.96653418985876
z_pos_initial = 81.56387440391589
x_vel_initial = -8.285512796669428
y_vel_initial = 5.073394154721965
z_vel_initial = -0.07474495009473081