gravity = 0.5
x_pos_initial = 56.86790890487223
y_pos_initial = 78.12473344056394
z_pos_initial = 61.02205757043727
x_vel_initial = -8.656229334292785
y_vel_initial = -8.612997003478343
z_vel_initial = 9.846224958709385
num_bounces = 22
