gravity = 0.5
x_pos_initial = 63.75406156775312
y_pos_initial = 6.317826868960015
z_pos_initial = 75.19862945204416
x_vel_initial = -3.4470585692605127
y_vel_initial = 2.8300139057196176
z_vel_initial = -3.577414565334082
num_bounces = 9
