gravity = 0.0
x_pos_initial = 67.68950757211607
y_pos_initial = 2.840921898075269
z_pos_initial = 26.986625839901222
x_vel_initial = -8.40225219257917
y_vel_initial = -0.019886464297862005
z_vel_initial = 6.743317772449483