gravity = 0.5
x_pos_initial = 39.43446975728329
y_pos_initial = 58.03285148706182
z_pos_initial = 21.962975399854535
x_vel_initial = -6.964860987485331
y_vel_initial = 4.249696946052005
z_vel_initial = 8.531790390279792
num_bounces = 17
