gravity = 0.0
x_pos_initial = 19.55556542140859
y_pos_initial = 87.17963560172383
z_pos_initial = 10.738000909073758
x_vel_initial = -3.3941222243277647
y_vel_initial = -6.860901717904561
z_vel_initial = 4.90389540232232