gravity = 0.0
x_pos_initial = 33.06582710846533
y_pos_initial = 97.96965126496288
z_pos_initial = 49.868549425375505
x_vel_initial = -6.579747769896659
y_vel_initial = -3.0873748602188895
z_vel_initial = 3.7630177813923495