gravity = 10.0
x_pos_initial = 92.6870708344894
y_pos_initial = 44.26301017238238
z_pos_initial = 61.93185224254406
x_vel_initial = 5.924681746350425
y_vel_initial = -4.48271322430079
z_vel_initial = -3.0390529175273784