gravity = 0.0
x_pos_initial = 10.019707608303284
y_pos_initial = 50.98317408380364
z_pos_initial = 18.750815117602848
x_vel_initial = 3.8088421734398654
y_vel_initial = 0.5458480089105144
z_vel_initial = 2.5132165690950536