gravity = 0.0
x_pos_initial = 60.201631115112974
y_pos_initial = 31.47789205798433
z_pos_initial = 94.27825395850284
x_vel_initial = -9.235733018283744
y_vel_initial = 0.4524022471312019
z_vel_initial = -8.189833711022985
num_bounces = 2
