gravity = 0.0
x_pos_initial = 26.673814294322234
y_pos_initial = 79.41522707118864
z_pos_initial = 36.08189738583467
x_vel_initial = -4.846146695997054
y_vel_initial = 4.923243072857941
z_vel_initial = 8.84163742777491
num_bounces = 3
