gravity = 0.0
x_pos_initial = 59.05097791160215
y_pos_initial = 98.25943367071513
z_pos_initial = 44.865311855922634
x_vel_initial = 2.8751663882508787
y_vel_initial = -4.552333380129113
z_vel_initial = 8.751140090634987
num_bounces = 2
