gravity = 0.0
x_pos_initial = 18.901419362293115
y_pos_initial = 68.00683329528806
z_pos_initial = 13.295171334585023
x_vel_initial = 6.243480923983576
y_vel_initial = 3.3044133905910176
z_vel_initial = -8.488375445744328