gravity = 10.0
x_pos_initial = 27.52077714500078
y_pos_initial = 41.12272427364826
z_pos_initial = 32.081499971276216
x_vel_initial = 3.7810218128043047
y_vel_initial = 4.300006493714713
z_vel_initial = -2.267519582063076