gravity = 0.0
x_pos_initial = 40.835067855495986
y_pos_initial = 94.7134521477809
z_pos_initial = 34.94572770288343
x_vel_initial = -4.498964685422515
y_vel_initial = -7.316696606111799
z_vel_initial = 8.594225014786534