gravity = 10.0
x_pos_initial = 6.932456255717682
y_pos_initial = 98.085282652353
z_pos_initial = 7.809571382486023
x_vel_initial = -1.912122617674214
y_vel_initial = -0.49297120538646766
z_vel_initial = -4.755554177811974