gravity = 0.5
x_pos_initial = 6.8285676366209875
y_pos_initial = 22.803948374798956
z_pos_initial = 0.36275060498259515
x_vel_initial = 2.0487286393757547
y_vel_initial = -0.5176554922585677
z_vel_initial = -0.0329271955632926
num_bounces = 16
