gravity = 10.0
x_pos_initial = 94.94027361361749
y_pos_initial = 93.84398522723245
z_pos_initial = 37.290238766214394
x_vel_initial = 9.018620884653114
y_vel_initial = 7.255709803703503
z_vel_initial = -1.087553967379593