gravity = 0.0
x_pos_initial = 11.11409986586223
y_pos_initial = 31.593291022382786
z_pos_initial = 84.65107902997104
x_vel_initial = 1.16574059825893
y_vel_initial = 3.4741354090267897
z_vel_initial = 9.147555005897004
num_bounces = 2
