gravity = 10.0
x_pos_initial = 82.3425359015283
y_pos_initial = 93.60748500712894
z_pos_initial = 47.1967413310966
x_vel_initial = -5.614879403755498
y_vel_initial = 9.83257910368993
z_vel_initial = -5.5730414736667315
num_bounces = 7
