gravity = 10.0
x_pos_initial = 40.45245197184832
y_pos_initial = 85.14780851476493
z_pos_initial = 24.703168222397515
x_vel_initial = 6.047971308960282
y_vel_initial = -0.2765317845492259
z_vel_initial = -3.123308637703242
num_bounces = 8
