gravity = 0.5
x_pos_initial = 24.817599961331023
y_pos_initial = 96.95417218938533
z_pos_initial = 43.28046922139368
x_vel_initial = -9.904241216025447
y_vel_initial = -0.18676562433944888
z_vel_initial = 5.394118675830256
num_bounces = 19
