gravity = 0.0
x_pos_initial = 4.090222204123145
y_pos_initial = 52.83844246734738
z_pos_initial = 20.291805642942833
x_vel_initial = -5.6722843670988095
y_vel_initial = 6.418838091274942
z_vel_initial = -6.29303972757703