gravity = 0.0
x_pos_initial = 18.839365156316532
y_pos_initial = 11.604519387335568
z_pos_initial = 79.00218343498071
x_vel_initial = -6.173152073116028
y_vel_initial = -8.17324683631268
z_vel_initial = -6.684878425823943