gravity = 0.0
x_pos_initial = 8.892742096341406
y_pos_initial = 83.33549522192958
z_pos_initial = 71.70186952080108
x_vel_initial = -5.635128143513868
y_vel_initial = 5.2705793184723575
z_vel_initial = 7.267971751006076