gravity = 0.0
x_pos_initial = 94.84109989160562
y_pos_initial = 70.99066085118157
z_pos_initial = 52.64603808936932
x_vel_initial = 1.1031353840061158
y_vel_initial = 0.8709181167067541
z_vel_initial = -9.498810470233256