gravity = 0.0
x_pos_initial = 26.209893453801833
y_pos_initial = 3.9913569468295815
z_pos_initial = 12.85544866004716
x_vel_initial = -6.342745840500152
y_vel_initial = -8.807138417219841
z_vel_initial = -9.274519706562128