gravity = 0.0
x_pos_initial = 2.967924247843536
y_pos_initial = 56.72585812480861
z_pos_initial = 90.53562607888043
x_vel_initial = -7.4878727456323695
y_vel_initial = 7.091432667962305
z_vel_initial = 9.960265183667357