gravity = 0.5
x_pos_initial = 57.488925034887146
y_pos_initial = 29.521795576022846
z_pos_initial = 41.29011113616863
x_vel_initial = -1.5465463325566944
y_vel_initial = 9.69939302562188
z_vel_initial = -5.435433538441075
num_bounces = 15
