gravity = 0.5
x_pos_initial = 69.07745644088075
y_pos_initial = 94.49057047404723
z_pos_initial = 4.109669853154256
x_vel_initial = 9.463851728279295
y_vel_initial = 8.404458895452347
z_vel_initial = 3.110587711985339