gravity = 0.0
x_pos_initial = 57.142477420965804
y_pos_initial = 76.3895570020067
z_pos_initial = 30.34453309920626
x_vel_initial = -3.573890293412145
y_vel_initial = -0.0953244385668377
z_vel_initial = -8.435017095164621