gravity = 0.0
x_pos_initial = 71.6873623929288
y_pos_initial = 76.96054837943339
z_pos_initial = 78.6101957741058
x_vel_initial = 2.995413594553799
y_vel_initial = 0.5451490569147914
z_vel_initial = -1.7498375440603429