gravity = 0.0
x_pos_initial = 77.48501435072012
y_pos_initial = 19.75944278996314
z_pos_initial = 32.01801350536145
x_vel_initial = -3.8096790576289816
y_vel_initial = 5.34963059497958
z_vel_initial = -6.7536315558172735
num_bounces = 2
