gravity = 0.0
x_pos_initial = 62.72372563858131
y_pos_initial = 36.65134919807134
z_pos_initial = 79.22134253370616
x_vel_initial = -9.252695748985529
y_vel_initial = -7.86794620887094
z_vel_initial = -5.9964365518712475
num_bounces = 3
