gravity = 10.0
x_pos_initial = 35.47557909754586
y_pos_initial = 24.772710288032584
z_pos_initial = 64.27490904842674
x_vel_initial = 8.57746050815777
y_vel_initial = 3.214847722473259
z_vel_initial = 3.9556577009316936
num_bounces = 5
