gravity = 10.0
x_pos_initial = 57.50964227315495
y_pos_initial = 82.92338482519185
z_pos_initial = 22.027586984756958
x_vel_initial = -3.808901629051725
y_vel_initial = -8.474966655506465
z_vel_initial = -0.8345994245053188
num_bounces = 5
