gravity = 0.0
x_pos_initial = 50.446501684886364
y_pos_initial = 38.1089948924487
z_pos_initial = 80.37629047372235
x_vel_initial = -1.1624588951870223
y_vel_initial = 4.475543216244468
z_vel_initial = 3.554743311625467