gravity = 10.0
x_pos_initial = 1.0072125057570622
y_pos_initial = 20.197325873532293
z_pos_initial = 71.62244025878137
x_vel_initial = 2.2676682149405085
y_vel_initial = -9.28315234630652
z_vel_initial = 0.9572792417176519
num_bounces = 3
