gravity = 0.0
x_pos_initial = 50.65817353999499
y_pos_initial = 87.91068963677733
z_pos_initial = 26.2100926855941
x_vel_initial = -6.3909568934026835
y_vel_initial = 2.772983390806985
z_vel_initial = 0.06379619616630805
num_bounces = 2
