gravity = 0.5
x_pos_initial = 39.06298378664301
y_pos_initial = 95.75815615935241
z_pos_initial = 50.76225581505373
x_vel_initial = 0.4496264186794008
y_vel_initial = -8.857730488248478
z_vel_initial = -7.754160928055429
num_bounces = 17
