gravity = 10.0
x_pos_initial = 54.914842016263314
y_pos_initial = 20.26959946516903
z_pos_initial = 4.187484045550962
x_vel_initial = 6.949587312863809
y_vel_initial = 6.604413021227451
z_vel_initial = 9.430920333277513
num_bounces = 5
