gravity = 0.0
x_pos_initial = 66.19148032238175
y_pos_initial = 93.36198351754472
z_pos_initial = 24.638187118104995
x_vel_initial = -9.173587442946504
y_vel_initial = -8.976630631253224
z_vel_initial = 5.073592393867836
num_bounces = 3
