gravity = 0.0
x_pos_initial = 9.434298855146483
y_pos_initial = 42.21892826309207
z_pos_initial = 43.48141967191721
x_vel_initial = 8.25684172860819
y_vel_initial = 9.673486127484829
z_vel_initial = 2.888674117544923
num_bounces = 2
