gravity = 10.0
x_pos_initial = 9.161947310002942
y_pos_initial = 88.81625673677634
z_pos_initial = 73.09237143387517
x_vel_initial = -8.10176073494269
y_vel_initial = 1.1079980185957563
z_vel_initial = -9.534173077107422