gravity = 0.0
x_pos_initial = 81.00105646022084
y_pos_initial = 50.20521754354672
z_pos_initial = 1.6421152039465727
x_vel_initial = 8.972351250043761
y_vel_initial = -0.04090914191950823
z_vel_initial = 7.781249806825109