gravity = 0.0
x_pos_initial = 56.806978129804094
y_pos_initial = 60.23645945063566
z_pos_initial = 51.32342545316059
x_vel_initial = -9.247540352176786
y_vel_initial = 3.6046484586485104
z_vel_initial = 7.549803133522552