gravity = 0.0
x_pos_initial = 63.92690495409601
y_pos_initial = 13.219337683020385
z_pos_initial = 23.815197783469646
x_vel_initial = -8.597457294302526
y_vel_initial = -5.938663811890282
z_vel_initial = -5.796283468932892
num_bounces = 3
