gravity = 10.0
x_pos_initial = 12.950040394663562
y_pos_initial = 13.179654543790225
z_pos_initial = 61.97680925173012
x_vel_initial = 1.2535912276044368
y_vel_initial = 5.24104930742314
z_vel_initial = 6.555770669715606
num_bounces = 4
