gravity = 10.0
x_pos_initial = 21.53433377305676
y_pos_initial = 14.366231267026762
z_pos_initial = 33.51680985964998
x_vel_initial = -9.220021333286365
y_vel_initial = -0.3696933981669499
z_vel_initial = 3.913745662198309
num_bounces = 6
