gravity = 0.0
x_pos_initial = 61.43110493571134
y_pos_initial = 27.864314787971992
z_pos_initial = 62.4387926856914
x_vel_initial = 9.47559083977777
y_vel_initial = 5.266077440557343
z_vel_initial = 7.143677455884035
num_bounces = 4
