gravity = 0.0
x_pos_initial = 51.7900714836097
y_pos_initial = 12.558997348391076
z_pos_initial = 14.23572738870415
x_vel_initial = 6.705131386125455
y_vel_initial = 1.8087948570584498
z_vel_initial = 7.697360352064731
num_bounces = 2
