gravity = 0.0
x_pos_initial = 47.095540993328314
y_pos_initial = 23.99428686040965
z_pos_initial = 60.03172750156093
x_vel_initial = 9.675632279303219
y_vel_initial = -6.6033638466471585
z_vel_initial = 1.8982913721891066
num_bounces = 3
