gravity = 0.5
x_pos_initial = 99.1642301737144
y_pos_initial = 73.74523106423342
z_pos_initial = 14.454880995547725
x_vel_initial = -0.07348804866236236
y_vel_initial = -8.497385129261655
z_vel_initial = 6.4116492554109