gravity = 0.0
x_pos_initial = 46.21141906424038
y_pos_initial = 19.809768969484775
z_pos_initial = 49.405581596124385
x_vel_initial = 2.303418946081564
y_vel_initial = -6.007180854092922
z_vel_initial = 1.1576609446550776