gravity = 0.0
x_pos_initial = 5.2205638912973225
y_pos_initial = 66.2346061026745
z_pos_initial = 86.75033769663357
x_vel_initial = 1.4345307094793665
y_vel_initial = -5.898548263713779
z_vel_initial = -0.6030497595762174