gravity = 10.0
x_pos_initial = 57.26997751789273
y_pos_initial = 13.083655107989843
z_pos_initial = 79.84350425273851
x_vel_initial = 5.288415798019347
y_vel_initial = 3.151797855251207
z_vel_initial = -1.2554989807354051