gravity = 0.0
x_pos_initial = 58.19741771931431
y_pos_initial = 55.306166088354416
z_pos_initial = 71.34828662091954
x_vel_initial = 5.086356164535026
y_vel_initial = 6.10129292941674
z_vel_initial = 5.850632345710011