gravity = 0.5
x_pos_initial = 27.757865947188264
y_pos_initial = 44.26550626863722
z_pos_initial = 61.189100061566755
x_vel_initial = -2.8761918494681904
y_vel_initial = 9.190896873719492
z_vel_initial = -1.455876533943405