gravity = 10.0
x_pos_initial = 45.67195397965052
y_pos_initial = 6.939274519316667
z_pos_initial = 14.951917258242231
x_vel_initial = -5.237248801926603
y_vel_initial = -3.3525139701950746
z_vel_initial = -8.158417856861538