gravity = 0.0
x_pos_initial = 26.282186682567048
y_pos_initial = 80.63539401549845
z_pos_initial = 72.47988295755195
x_vel_initial = 6.554690315758684
y_vel_initial = -1.9780569605813358
z_vel_initial = 2.9981971115796373
num_bounces = 2
