gravity = 0.0
x_pos_initial = 90.83508316416973
y_pos_initial = 7.358094982785744
z_pos_initial = 71.35684894028573
x_vel_initial = 3.2784401012841418
y_vel_initial = 3.565272502670311
z_vel_initial = -2.4052423030970287
num_bounces = 1
