gravity = 0.0
x_pos_initial = 62.715150456492466
y_pos_initial = 86.35513530936653
z_pos_initial = 22.041729921313454
x_vel_initial = 4.711017324858227
y_vel_initial = -0.6870335573981325
z_vel_initial = -4.625533425255299
num_bounces = 2
