gravity = 0.0
x_pos_initial = 52.228193031265505
y_pos_initial = 78.17112675236638
z_pos_initial = 73.5328103680294
x_vel_initial = -5.922059962660071
y_vel_initial = 8.640657208324829
z_vel_initial = -9.824413928099741
num_bounces = 4
