gravity = 0.0
x_pos_initial = 26.48463581712916
y_pos_initial = 31.183991112771132
z_pos_initial = 52.28218040275557
x_vel_initial = 8.072414614344193
y_vel_initial = 2.6705105799111806
z_vel_initial = -4.747220989558381