gravity = 0.5
x_pos_initial = 30.895212004913656
y_pos_initial = 51.91922644390374
z_pos_initial = 67.19468725682212
x_vel_initial = -9.27237749151302
y_vel_initial = -7.476132592823738
z_vel_initial = -9.172858893569371