gravity = 0.5
x_pos_initial = 31.595172944970038
y_pos_initial = 11.240542733651955
z_pos_initial = 72.7185812033199
x_vel_initial = -8.779619904408833
y_vel_initial = -9.503207978466186
z_vel_initial = 8.69148654856922
num_bounces = 17
