gravity = 0.0
x_pos_initial = 71.24540106413424
y_pos_initial = 26.824897325713344
z_pos_initial = 45.044467249739355
x_vel_initial = 0.7911441240834503
y_vel_initial = 4.690305226062998
z_vel_initial = -3.0596712517863676