gravity = 0.5
x_pos_initial = 42.4895055367852
y_pos_initial = 3.9929944494702605
z_pos_initial = 49.0732996324506
x_vel_initial = -5.692502907089835
y_vel_initial = -2.080554138772122
z_vel_initial = -2.87705404494778