gravity = 0.0
x_pos_initial = 85.99813652935961
y_pos_initial = 67.49316464344275
z_pos_initial = 42.285016132889766
x_vel_initial = 1.8179707097624913
y_vel_initial = -2.9620086660832268
z_vel_initial = 3.276872710579582