gravity = 0.5
x_pos_initial = 31.989213879774418
y_pos_initial = 19.642669366927013
z_pos_initial = 68.58816055779855
x_vel_initial = -5.449192387112967
y_vel_initial = 4.92062302584862
z_vel_initial = 2.8974353478527206