gravity = 10.0
x_pos_initial = 47.143328698011224
y_pos_initial = 79.43214156995384
z_pos_initial = 46.601149976619546
x_vel_initial = -6.249362972710934
y_vel_initial = 0.15514032455574878
z_vel_initial = 2.645305942042823