gravity = 0.5
x_pos_initial = 79.22813346271428
y_pos_initial = 29.50238424894859
z_pos_initial = 68.71910329934497
x_vel_initial = 5.655685981403037
y_vel_initial = -4.191681569244043
z_vel_initial = 8.514904807756505