gravity = 0.5
x_pos_initial = 8.223844886198874
y_pos_initial = 49.689888212704766
z_pos_initial = 81.48686885946748
x_vel_initial = -0.3569356714981282
y_vel_initial = -3.838608503464936
z_vel_initial = -9.434111667809566