gravity = 10.0
x_pos_initial = 7.173909023205462
y_pos_initial = 82.33337898833133
z_pos_initial = 93.83178520396659
x_vel_initial = -6.801639969320447
y_vel_initial = 2.5610455963569034
z_vel_initial = -3.0538958765337085