gravity = 0.0
x_pos_initial = 23.261003451191357
y_pos_initial = 85.41963687242234
z_pos_initial = 20.776688742123348
x_vel_initial = -2.9644365021915213
y_vel_initial = 8.250887786551242
z_vel_initial = 6.796248493034124