gravity = 0.0
x_pos_initial = 37.07853213567339
y_pos_initial = 46.656646060455216
z_pos_initial = 91.4930048757321
x_vel_initial = -5.476096639089642
y_vel_initial = -5.801792551019758
z_vel_initial = 0.33877392300273
num_bounces = 2
