gravity = 0.0
x_pos_initial = 56.4240035036209
y_pos_initial = 10.21192000659236
z_pos_initial = 35.38277133698952
x_vel_initial = -5.396685174900357
y_vel_initial = -2.4772552438531017
z_vel_initial = -6.847060379429699
num_bounces = 3
