gravity = 10.0
x_pos_initial = 79.05539524754406
y_pos_initial = 22.57189689918864
z_pos_initial = 68.44058596561851
x_vel_initial = -3.3344092500547546
y_vel_initial = -9.834141145347132
z_vel_initial = -4.369388210397137
num_bounces = 4
