gravity = 0.0
x_pos_initial = 43.22457251188924
y_pos_initial = 93.35963409732649
z_pos_initial = 4.50831888406144
x_vel_initial = 4.267904236577383
y_vel_initial = 6.302072549098792
z_vel_initial = 3.6506861300983875
num_bounces = 3
