gravity = 0.5
x_pos_initial = 49.89325492225049
y_pos_initial = 67.99350213433338
z_pos_initial = 38.1155525723938
x_vel_initial = -8.569099385237202
y_vel_initial = -5.08724865331796
z_vel_initial = -0.640700416082641