gravity = 0.5
x_pos_initial = 42.35179107992814
y_pos_initial = 56.324764281239496
z_pos_initial = 83.87144252488092
x_vel_initial = 9.84454644117434
y_vel_initial = -7.269621600065676
z_vel_initial = 7.429542445190542
num_bounces = 22
