gravity = 0.0
x_pos_initial = 28.25710744892432
y_pos_initial = 69.14034074763858
z_pos_initial = 77.7553257310942
x_vel_initial = -6.695167603441334
y_vel_initial = -4.506169506425161
z_vel_initial = -5.922005113658018
num_bounces = 3
