gravity = 0.0
x_pos_initial = 64.71938284476552
y_pos_initial = 20.79372600041494
z_pos_initial = 2.3190931829645343
x_vel_initial = -6.9683143024094605
y_vel_initial = -5.389594088912929
z_vel_initial = 0.3974979690791205
num_bounces = 2
