gravity = 0.5
x_pos_initial = 99.59674768246143
y_pos_initial = 23.674636381540147
z_pos_initial = 50.931349971004195
x_vel_initial = -9.685816193162559
y_vel_initial = -4.110005547628867
z_vel_initial = 6.7891789181878615