gravity = 0.0
x_pos_initial = 35.75156425437931
y_pos_initial = 49.0727334492962
z_pos_initial = 15.54968462586938
x_vel_initial = -5.047950883354306
y_vel_initial = 4.199152467390142
z_vel_initial = -8.582560490116535