gravity = 0.0
x_pos_initial = 53.24136690712832
y_pos_initial = 24.990293878740506
z_pos_initial = 61.15675630138349
x_vel_initial = 7.791195914184019
y_vel_initial = -5.669685827667946
z_vel_initial = 5.233747973173772
num_bounces = 3
