gravity = 0.0
x_pos_initial = 5.332493838518717
y_pos_initial = 13.15044422279033
z_pos_initial = 85.86577257093857
x_vel_initial = 4.872968231182549
y_vel_initial = 4.095795723439393
z_vel_initial = 6.615145280728832
num_bounces = 2
