gravity = 0.5
x_pos_initial = 65.96224810830084
y_pos_initial = 63.60009345397713
z_pos_initial = 71.92630741742394
x_vel_initial = -3.3636843393860056
y_vel_initial = 1.4013893397013302
z_vel_initial = -7.8323146820033624