gravity = 0.0
x_pos_initial = 3.2567968371353144
y_pos_initial = 43.96268370329477
z_pos_initial = 86.47413959767518
x_vel_initial = 7.619705127322607
y_vel_initial = -6.706230976044149
z_vel_initial = -0.7272677590027765
num_bounces = 2
