gravity = 0.0
x_pos_initial = 28.907851657109997
y_pos_initial = 30.575558108271196
z_pos_initial = 73.0653594071866
x_vel_initial = 7.504316971011882
y_vel_initial = 3.9769861643517412
z_vel_initial = 7.908212478837523
num_bounces = 4
