gravity = 10.0
x_pos_initial = 22.72878318266135
y_pos_initial = 97.7346410925951
z_pos_initial = 14.21088422470969
x_vel_initial = 4.417308738998575
y_vel_initial = -9.520858000694371
z_vel_initial = 6.599968265311588