gravity = 0.0
x_pos_initial = 62.611470987090705
y_pos_initial = 94.53814714576512
z_pos_initial = 65.33699625296228
x_vel_initial = -9.508878872636396
y_vel_initial = 9.567996722281332
z_vel_initial = -8.540355259132667
num_bounces = 4
