gravity = 0.0
x_pos_initial = 3.713911824457634
y_pos_initial = 99.24233153167803
z_pos_initial = 45.92202396997764
x_vel_initial = -7.69569340442264
y_vel_initial = -7.7734622701532
z_vel_initial = -2.236257879178389
num_bounces = 3
