gravity = 0.0
x_pos_initial = 94.9851312214
y_pos_initial = 69.77927949000579
z_pos_initial = 29.568044427093703
x_vel_initial = 4.375894072235338
y_vel_initial = -6.973328708953248
z_vel_initial = -9.783013308855638
num_bounces = 4
