gravity = 0.0
x_pos_initial = 36.41303594884049
y_pos_initial = 16.74124283084814
z_pos_initial = 67.24830605591251
x_vel_initial = -7.3157399428054255
y_vel_initial = 1.7946405076400929
z_vel_initial = 8.205599258076788
num_bounces = 3
