gravity = 0.0
x_pos_initial = 35.28330979275693
y_pos_initial = 3.4977383488482165
z_pos_initial = 67.1108434109251
x_vel_initial = 6.952709936104974
y_vel_initial = -9.052657642605741
z_vel_initial = -1.070489550178804
num_bounces = 3
