gravity = 0.0
x_pos_initial = 69.96573093204185
y_pos_initial = 51.64461641598468
z_pos_initial = 89.30278003101688
x_vel_initial = 2.6480823883538864
y_vel_initial = -8.632813029596031
z_vel_initial = -3.6654427954480138