gravity = 0.5
x_pos_initial = 25.311797461817868
y_pos_initial = 8.48553473898264
z_pos_initial = 29.552247443453812
x_vel_initial = 4.44300007335063
y_vel_initial = -2.7880374971691886
z_vel_initial = -8.624124627647227