gravity = 0.0
x_pos_initial = 79.23209753095279
y_pos_initial = 75.80718540455868
z_pos_initial = 60.80840247671274
x_vel_initial = -2.212490854738787
y_vel_initial = 5.8036158770798245
z_vel_initial = -1.4162455304909773