gravity = 0.5
x_pos_initial = 66.38261662240318
y_pos_initial = 29.26032543614444
z_pos_initial = 47.35174820605406
x_vel_initial = -1.883620461441378
y_vel_initial = -1.1612996824115651
z_vel_initial = 4.232180905654088
num_bounces = 14
