gravity = 0.0
x_pos_initial = 76.97205988833717
y_pos_initial = 72.36338190543803
z_pos_initial = 16.236080174134567
x_vel_initial = -8.943632475407286
y_vel_initial = 7.6342410882224705
z_vel_initial = 3.2998917456930954
num_bounces = 3
