gravity = 0.0
x_pos_initial = 5.90882587763118
y_pos_initial = 40.37068768573859
z_pos_initial = 79.66358015587167
x_vel_initial = 7.147079858601632
y_vel_initial = 1.443876935634151
z_vel_initial = -9.088738232649739
num_bounces = 2
