gravity = 10.0
x_pos_initial = 59.4980343171439
y_pos_initial = 21.901910376391722
z_pos_initial = 69.18171674868573
x_vel_initial = 4.358957837670932
y_vel_initial = 4.787728027290555
z_vel_initial = 2.8780635056047785