gravity = 10.0
x_pos_initial = 75.6635628269626
y_pos_initial = 32.44618733215637
z_pos_initial = 97.95833370871071
x_vel_initial = -1.6535199738174438
y_vel_initial = 1.675296903707551
z_vel_initial = -0.1356709565670755
num_bounces = 5
