gravity = 10.0
x_pos_initial = 49.0555393724909
y_pos_initial = 18.629711450422683
z_pos_initial = 35.46353315108011
x_vel_initial = -9.026150489288344
y_vel_initial = 5.984343437923002
z_vel_initial = 8.57059632629187