gravity = 0.0
x_pos_initial = 14.153747749028582
y_pos_initial = 41.29649998630669
z_pos_initial = 37.752074336326835
x_vel_initial = -3.7217204034201536
y_vel_initial = 6.238688442408257
z_vel_initial = 0.5723674645958496
num_bounces = 2
