gravity = 0.0
x_pos_initial = 48.222312243572986
y_pos_initial = 70.27784693371999
z_pos_initial = 56.18758678600244
x_vel_initial = 8.764962044000079
y_vel_initial = 0.6767919121025194
z_vel_initial = -0.27604221426114073
num_bounces = 1
