gravity = 0.0
x_pos_initial = 97.1752675654059
y_pos_initial = 36.147955494930336
z_pos_initial = 83.60099623317593
x_vel_initial = -7.047380433510355
y_vel_initial = 8.85258831862722
z_vel_initial = -8.14667994947143