gravity = 0.0
x_pos_initial = 47.761046050583026
y_pos_initial = 40.42186766009063
z_pos_initial = 77.70693720451193
x_vel_initial = 5.890608030577724
y_vel_initial = 8.730932287160993
z_vel_initial = -5.082619871867255
num_bounces = 3
