gravity = 0.5
x_pos_initial = 20.01637055139775
y_pos_initial = 37.57712205624827
z_pos_initial = 51.88946049738277
x_vel_initial = -2.893519215426954
y_vel_initial = 6.223267877105879
z_vel_initial = 6.512126660087883