gravity = 0.5
x_pos_initial = 30.788647597398125
y_pos_initial = 97.67127737202595
z_pos_initial = 53.37484064909061
x_vel_initial = 1.874509932260258
y_vel_initial = 3.6614011863733147
z_vel_initial = -7.139589763897782