gravity = 0.0
x_pos_initial = 43.694869433067716
y_pos_initial = 4.837235230564197
z_pos_initial = 10.233336869888623
x_vel_initial = 3.348930935802816
y_vel_initial = -6.692875164970795
z_vel_initial = 9.57383260575665