gravity = 0.0
x_pos_initial = 24.13876484212708
y_pos_initial = 72.41669745223719
z_pos_initial = 32.14342507190339
x_vel_initial = 4.688067086648639
y_vel_initial = 3.961770164057967
z_vel_initial = 4.405587302137011