gravity = 0.0
x_pos_initial = 88.02966290512673
y_pos_initial = 70.14107116528866
z_pos_initial = 25.271398343752768
x_vel_initial = 4.191209115640431
y_vel_initial = -9.56549082716695
z_vel_initial = -2.9816379417843635