gravity = 0.0
x_pos_initial = 36.20978312567065
y_pos_initial = 62.89270928042149
z_pos_initial = 82.72817526918656
x_vel_initial = -6.11663629430492
y_vel_initial = -9.872552641551408
z_vel_initial = 8.524399304189597