gravity = 10.0
x_pos_initial = 99.6576411253963
y_pos_initial = 39.36513031323812
z_pos_initial = 8.694340460083113
x_vel_initial = 0.060862184644051354
y_vel_initial = -9.499218369886359
z_vel_initial = 1.6284537451162961