gravity = 0.0
x_pos_initial = 67.21087308082268
y_pos_initial = 41.22965693058731
z_pos_initial = 45.421876003176024
x_vel_initial = 7.521716119585346
y_vel_initial = 9.078059586597522
z_vel_initial = 3.8205754678786192