gravity = 0.0
x_pos_initial = 54.564973588547865
y_pos_initial = 42.35830007967543
z_pos_initial = 73.76577831482663
x_vel_initial = -5.275136801805896
y_vel_initial = 8.18915939809379
z_vel_initial = -1.9582536859231041