gravity = 0.0
x_pos_initial = 78.05656672256013
y_pos_initial = 75.63967602106017
z_pos_initial = 7.080930200042533
x_vel_initial = 7.577880571890116
y_vel_initial = 6.711141835289318
z_vel_initial = -7.815356141392751
num_bounces = 5
