gravity = 10.0
x_pos_initial = 29.604176501841
y_pos_initial = 44.297649300706524
z_pos_initial = 44.78589617281771
x_vel_initial = -9.446452441180607
y_vel_initial = 4.068496351149292
z_vel_initial = -7.630131877212488
num_bounces = 8
