gravity = 10.0
x_pos_initial = 75.78352768790671
y_pos_initial = 34.628480326478595
z_pos_initial = 52.64336629940029
x_vel_initial = -3.5119116062549747
y_vel_initial = 1.685401217633208
z_vel_initial = 0.0016791642607785207
num_bounces = 5
