gravity = 0.0
x_pos_initial = 35.72832306916122
y_pos_initial = 77.8046035585552
z_pos_initial = 42.1996818928213
x_vel_initial = -6.701729427839036
y_vel_initial = 2.144571979314506
z_vel_initial = 4.596714526364799