gravity = 0.5
x_pos_initial = 52.01015052520974
y_pos_initial = 65.76866075445312
z_pos_initial = 43.56248854022365
x_vel_initial = 4.214915184342303
y_vel_initial = -1.9900042303490295
z_vel_initial = 1.596678469328511