gravity = 0.5
x_pos_initial = 86.41546564030004
y_pos_initial = 94.66086285122171
z_pos_initial = 81.82626109307058
x_vel_initial = -5.0156329056861155
y_vel_initial = 6.769637875608179
z_vel_initial = 3.003410871201872
num_bounces = 20
