gravity = 0.0
x_pos_initial = 45.68094328076594
y_pos_initial = 20.607187804877434
z_pos_initial = 75.93999551776666
x_vel_initial = 4.0531067250050405
y_vel_initial = -3.5873189749333534
z_vel_initial = -6.438404883951193
num_bounces = 3
