gravity = 0.0
x_pos_initial = 97.6619112618497
y_pos_initial = 53.99598878705134
z_pos_initial = 36.608336731026
x_vel_initial = 2.389795920770851
y_vel_initial = 2.1197279744120863
z_vel_initial = 7.8327433401555595