gravity = 0.0
x_pos_initial = 61.14073335473447
y_pos_initial = 74.5829855227879
z_pos_initial = 53.83085971439867
x_vel_initial = -1.3071660162839613
y_vel_initial = -8.680981856859379
z_vel_initial = -8.158170451740647