gravity = 0.0
x_pos_initial = 67.0567243191283
y_pos_initial = 42.0823114577098
z_pos_initial = 79.79775270547037
x_vel_initial = 9.03062045637687
y_vel_initial = 6.591599314623604
z_vel_initial = -9.732871008910054
num_bounces = 4
