gravity = 0.0
x_pos_initial = 17.481406173449656
y_pos_initial = 9.682532921696124
z_pos_initial = 1.2301017911657373
x_vel_initial = -5.457557622830914
y_vel_initial = 7.203546742116849
z_vel_initial = 0.5427347190893421