gravity = 0.0
x_pos_initial = 75.61951756375724
y_pos_initial = 70.07810138757824
z_pos_initial = 22.691715453136954
x_vel_initial = 9.2575961222297
y_vel_initial = 8.95648002696861
z_vel_initial = -7.822454411574888