gravity = 0.0
x_pos_initial = 51.38399559032466
y_pos_initial = 45.776375402860815
z_pos_initial = 24.780845829296446
x_vel_initial = 4.2505519501991085
y_vel_initial = -2.563019150005524
z_vel_initial = -2.175494954274461
num_bounces = 3
