gravity = 0.0
x_pos_initial = 59.53076188003241
y_pos_initial = 22.63927578013525
z_pos_initial = 86.02783990714748
x_vel_initial = 5.785056079681718
y_vel_initial = 3.5184835140342283
z_vel_initial = -5.415471772862557
num_bounces = 2
