gravity = 0.5
x_pos_initial = 81.01225324036308
y_pos_initial = 10.679446802423104
z_pos_initial = 39.396927238282885
x_vel_initial = 5.600024403422246
y_vel_initial = -6.328765958913293
z_vel_initial = 3.828467638170544