gravity = 10.0
x_pos_initial = 38.537187063175274
y_pos_initial = 5.342356337737766
z_pos_initial = 95.86311415475313
x_vel_initial = 8.871970092726826
y_vel_initial = 1.700171912185919
z_vel_initial = 4.0413643802598855