gravity = 0.0
x_pos_initial = 55.79291690191578
y_pos_initial = 55.291479416265425
z_pos_initial = 75.77381784044199
x_vel_initial = 8.972954296545389
y_vel_initial = -5.785704246143156
z_vel_initial = -0.4947244472875578
num_bounces = 3
