gravity = 0.0
x_pos_initial = 30.755382705145514
y_pos_initial = 88.11427009399529
z_pos_initial = 24.476497402803318
x_vel_initial = 8.185396084303033
y_vel_initial = 6.113487974250091
z_vel_initial = -2.6871274181440263
num_bounces = 3
