gravity = 0.0
x_pos_initial = 97.49239218213694
y_pos_initial = 78.08821960275107
z_pos_initial = 10.7261756113078
x_vel_initial = 5.25304853499448
y_vel_initial = -5.668752408897286
z_vel_initial = -7.615791725139102