gravity = 10.0
x_pos_initial = 46.05581610457137
y_pos_initial = 87.82735032541684
z_pos_initial = 70.31009039589719
x_vel_initial = -5.280526883692221
y_vel_initial = -7.492036150399381
z_vel_initial = 7.52018067289389
num_bounces = 6
