gravity = 0.0
x_pos_initial = 27.53146752011855
y_pos_initial = 51.264267860278565
z_pos_initial = 59.66806068755828
x_vel_initial = 1.6837943045555193
y_vel_initial = -4.0368290973289715
z_vel_initial = 1.6312396042571393
num_bounces = 1
