gravity = 0.0
x_pos_initial = 90.57944585089217
y_pos_initial = 36.173925055484865
z_pos_initial = 62.691797614118016
x_vel_initial = 3.198730188346733
y_vel_initial = 8.109607424269143
z_vel_initial = 2.321695137580056
num_bounces = 3
