gravity = 0.5
x_pos_initial = 24.400416246487893
y_pos_initial = 45.123376590704694
z_pos_initial = 25.061465322451173
x_vel_initial = -7.479949359972027
y_vel_initial = 6.823934813552519
z_vel_initial = 0.6900297121743915
num_bounces = 20
