gravity = 10.0
x_pos_initial = 82.07373164229914
y_pos_initial = 50.44169544764215
z_pos_initial = 72.45623295227897
x_vel_initial = -4.062101085910127
y_vel_initial = -0.3781439969153677
z_vel_initial = -3.1622746361390366
num_bounces = 5
