gravity = 0.0
x_pos_initial = 29.550040168530717
y_pos_initial = 1.5413950553261722
z_pos_initial = 86.81567236491159
x_vel_initial = -6.744190622224636
y_vel_initial = 2.8232429652102926
z_vel_initial = -6.511343709412227
num_bounces = 2
