gravity = 10.0
x_pos_initial = 18.047875938227804
y_pos_initial = 84.97003254584136
z_pos_initial = 69.4990401233155
x_vel_initial = 4.344519806972301
y_vel_initial = -5.114447475917637
z_vel_initial = -8.978526053904744
num_bounces = 5
