gravity = 0.0
x_pos_initial = 23.69297703371899
y_pos_initial = 25.04014240546046
z_pos_initial = 88.40112106962115
x_vel_initial = -5.643456153439682
y_vel_initial = 3.6961672515683723
z_vel_initial = 5.661965517226935