gravity = 0.0
x_pos_initial = 72.3167578014661
y_pos_initial = 28.186106291303677
z_pos_initial = 5.74637663185829
x_vel_initial = -4.449108190705009
y_vel_initial = 3.49204807175348
z_vel_initial = -9.54978477823969
num_bounces = 3
