gravity = 0.5
x_pos_initial = 76.25933844980786
y_pos_initial = 76.73702126601671
z_pos_initial = 92.95184275170828
x_vel_initial = 0.6690477269050792
y_vel_initial = 5.799639839870473
z_vel_initial = -1.7768651067118792
num_bounces = 21
