gravity = 0.0
x_pos_initial = 59.897378297307256
y_pos_initial = 40.99372373488509
z_pos_initial = 28.759933873344096
x_vel_initial = -0.37818489885506956
y_vel_initial = 0.2894207001364961
z_vel_initial = -1.565230785746751
num_bounces = 1
