gravity = 10.0
x_pos_initial = 15.030007575564573
y_pos_initial = 45.67257410499089
z_pos_initial = 90.82127401867254
x_vel_initial = -6.620696055277164
y_vel_initial = -5.432656061344585
z_vel_initial = 5.4105429221196015
num_bounces = 7
