gravity = 0.0
x_pos_initial = 2.214458679471503
y_pos_initial = 17.073052258508255
z_pos_initial = 49.09415625362716
x_vel_initial = 9.685807095003955
y_vel_initial = -6.823871132436479
z_vel_initial = -4.91824045568279
num_bounces = 4
