gravity = 0.0
x_pos_initial = 43.211583825306626
y_pos_initial = 61.85587974357445
z_pos_initial = 0.30210521546206603
x_vel_initial = -3.080021702118028
y_vel_initial = 3.6412579328562416
z_vel_initial = -9.50134198723749