gravity = 10.0
x_pos_initial = 19.30716976695541
y_pos_initial = 54.75064147169137
z_pos_initial = 82.13171869845638
x_vel_initial = 6.519090125020352
y_vel_initial = 7.508249913589179
z_vel_initial = 2.8128815864122814
num_bounces = 7
