gravity = 0.0
x_pos_initial = 46.613769557403444
y_pos_initial = 49.33989094691314
z_pos_initial = 61.0652557218851
x_vel_initial = -0.6673830103909388
y_vel_initial = -8.717559591423194
z_vel_initial = 0.6436358156794331
num_bounces = 1
