gravity = 10.0
x_pos_initial = 67.69436245456713
y_pos_initial = 70.03521813297807
z_pos_initial = 42.213650023037154
x_vel_initial = -0.8678483386329052
y_vel_initial = 7.983443429403803
z_vel_initial = -1.2185360596162287
num_bounces = 6
