gravity = 0.0
x_pos_initial = 67.19769913619756
y_pos_initial = 89.33752697638381
z_pos_initial = 87.51854629832823
x_vel_initial = 2.20754187364337
y_vel_initial = 3.9586712644448863
z_vel_initial = -6.603123586807305
num_bounces = 3
