gravity = 0.5
x_pos_initial = 79.80524484804968
y_pos_initial = 80.76924692360807
z_pos_initial = 61.46824842887493
x_vel_initial = -8.197180721203022
y_vel_initial = -1.3699653544414065
z_vel_initial = 6.541650508259352