gravity = 0.5
x_pos_initial = 83.21719669534754
y_pos_initial = 29.735943898611318
z_pos_initial = 11.941017838688692
x_vel_initial = -4.812776801849289
y_vel_initial = -7.9962613520949715
z_vel_initial = 0.6939526934867821
num_bounces = 19
