gravity = 0.0
x_pos_initial = 70.31037084996638
y_pos_initial = 84.2325247885544
z_pos_initial = 96.21982294722609
x_vel_initial = 0.6600552026102182
y_vel_initial = 5.950375489959725
z_vel_initial = -1.087456914145255
num_bounces = 1
