gravity = 0.5
x_pos_initial = 34.41714814578548
y_pos_initial = 30.90734468311351
z_pos_initial = 72.67310688565031
x_vel_initial = 7.0443372986595385
y_vel_initial = -0.8760456921047624
z_vel_initial = 3.028598556727994