gravity = 0.0
x_pos_initial = 80.64044071080261
y_pos_initial = 55.87452776221366
z_pos_initial = 3.761533990086654
x_vel_initial = -4.832024569874523
y_vel_initial = 4.543565906488972
z_vel_initial = -8.787893867339772