gravity = 0.5
x_pos_initial = 85.90905342572111
y_pos_initial = 19.112516780152756
z_pos_initial = 25.607190078910527
x_vel_initial = -3.7108952793195487
y_vel_initial = -0.32701271356474493
z_vel_initial = 8.761904910770095
num_bounces = 18
