gravity = 0.5
x_pos_initial = 39.60669555309264
y_pos_initial = 11.767817398966296
z_pos_initial = 31.869735785683343
x_vel_initial = -3.2381177265258465
y_vel_initial = 5.35965211801296
z_vel_initial = -3.97417035229833
num_bounces = 14
