gravity = 0.0
x_pos_initial = 27.928166318969378
y_pos_initial = 37.82574141498819
z_pos_initial = 3.239401433425776
x_vel_initial = -1.4852216291218383
y_vel_initial = -9.796941642082341
z_vel_initial = 5.468946371040875