gravity = 0.0
x_pos_initial = 84.09824723294089
y_pos_initial = 96.13118156738935
z_pos_initial = 25.634629127196188
x_vel_initial = -3.2001913773047033
y_vel_initial = 4.149551775067403
z_vel_initial = -1.3918096267187234
num_bounces = 2
