gravity = 10.0
x_pos_initial = 33.309756158759555
y_pos_initial = 42.55677176997028
z_pos_initial = 62.225902276535635
x_vel_initial = -1.3294203722137254
y_vel_initial = -8.171622856521418
z_vel_initial = 5.7471546981632144