gravity = 0.5
x_pos_initial = 95.84854999093626
y_pos_initial = 55.84491893644469
z_pos_initial = 18.059871812020965
x_vel_initial = -5.98832334037067
y_vel_initial = 1.2690704583714716
z_vel_initial = -6.240906535845754