gravity = 10.0
x_pos_initial = 75.71859582101125
y_pos_initial = 90.5934503161302
z_pos_initial = 88.92074287648701
x_vel_initial = 4.160723067818589
y_vel_initial = 2.5084984768684695
z_vel_initial = -9.040230579759204