gravity = 0.0
x_pos_initial = 48.272290907965576
y_pos_initial = 91.43425188245808
z_pos_initial = 97.40095517763586
x_vel_initial = 2.4168125787159074
y_vel_initial = -8.074136968849
z_vel_initial = 4.842874196936965