gravity = 10.0
x_pos_initial = 92.34594361004622
y_pos_initial = 54.220972893514016
z_pos_initial = 47.06109546493559
x_vel_initial = 4.992528399706323
y_vel_initial = 8.91634811588926
z_vel_initial = 4.211609278395478
num_bounces = 7
