gravity = 10.0
x_pos_initial = 8.10627229460434
y_pos_initial = 40.03541050046337
z_pos_initial = 76.35607991492765
x_vel_initial = 8.62986066781249
y_vel_initial = 8.734184015038409
z_vel_initial = -0.4720272465560953