gravity = 10.0
x_pos_initial = 71.25156300248183
y_pos_initial = 81.43041109583254
z_pos_initial = 71.03672512611166
x_vel_initial = -5.643773573778323
y_vel_initial = 1.6105330262340516
z_vel_initial = 2.1573891408511763
num_bounces = 8
