gravity = 0.0
x_pos_initial = 46.06242171821054
y_pos_initial = 54.289279631102595
z_pos_initial = 63.426598106711026
x_vel_initial = -5.524068594964858
y_vel_initial = 8.651020900145465
z_vel_initial = -4.133217996653416
num_bounces = 3
