gravity = 10.0
x_pos_initial = 21.385790069663763
y_pos_initial = 75.60833720526594
z_pos_initial = 19.488274864365902
x_vel_initial = 5.601783975001053
y_vel_initial = 6.595380763682389
z_vel_initial = -7.130372576287606
num_bounces = 9
