gravity = 0.5
x_pos_initial = 24.35179127389732
y_pos_initial = 48.229054902522066
z_pos_initial = 9.6561020134611
x_vel_initial = -6.705957858061435
y_vel_initial = -6.080664599063246
z_vel_initial = -6.680684978887344