gravity = 10.0
x_pos_initial = 14.065048673436586
y_pos_initial = 59.98295802156921
z_pos_initial = 77.22388294939185
x_vel_initial = 5.858935305153105
y_vel_initial = 9.575558352601039
z_vel_initial = -0.9034839368238501
num_bounces = 7
