gravity = 0.0
x_pos_initial = 79.10086413153604
y_pos_initial = 73.56744334151824
z_pos_initial = 4.412704901446485
x_vel_initial = -2.8076708753808273
y_vel_initial = 5.745990023293476
z_vel_initial = 1.904140541404237
num_bounces = 1
