gravity = 0.0
x_pos_initial = 90.88366559514242
y_pos_initial = 60.90977798580746
z_pos_initial = 31.552042265962626
x_vel_initial = -9.10458610433853
y_vel_initial = -6.230302599102606
z_vel_initial = 3.1501670066686227
num_bounces = 2
