gravity = 0.0
x_pos_initial = 11.822828495674973
y_pos_initial = 10.582050392903636
z_pos_initial = 68.3528403421704
x_vel_initial = 9.446156335529935
y_vel_initial = -2.2360448366053047
z_vel_initial = 8.96580288033664