gravity = 0.0
x_pos_initial = 4.259476929317986
y_pos_initial = 47.70683079902915
z_pos_initial = 37.01122962068089
x_vel_initial = -9.533194105952902
y_vel_initial = -3.0436103877434215
z_vel_initial = -0.3132248109007403
num_bounces = 3
