gravity = 0.5
x_pos_initial = 97.02897699063921
y_pos_initial = 96.05895616144112
z_pos_initial = 56.68429123573343
x_vel_initial = -4.0630622167752115
y_vel_initial = 3.1464300250887796
z_vel_initial = 5.797918269554581
num_bounces = 19
