gravity = 0.0
x_pos_initial = 96.31960670214056
y_pos_initial = 27.50237396125393
z_pos_initial = 75.9201932853155
x_vel_initial = -7.640240353220134
y_vel_initial = 2.034921237864319
z_vel_initial = 4.124717415886844
num_bounces = 2
