gravity = 0.0
x_pos_initial = 22.631937933879353
y_pos_initial = 69.53965995533592
z_pos_initial = 70.31263185069744
x_vel_initial = -2.77365127812417
y_vel_initial = -9.498412617338225
z_vel_initial = 4.645355167890607
num_bounces = 3
