gravity = 0.0
x_pos_initial = 71.6531759118246
y_pos_initial = 54.40822922648056
z_pos_initial = 92.79571379321952
x_vel_initial = -0.8976166615937053
y_vel_initial = -4.163482796166201
z_vel_initial = -2.2837781975337457
num_bounces = 1
