gravity = 0.0
x_pos_initial = 35.98485297257751
y_pos_initial = 73.02686977701774
z_pos_initial = 57.06433339027476
x_vel_initial = -8.682888550203323
y_vel_initial = -6.755541157849335
z_vel_initial = -5.55306680994307
num_bounces = 4
