gravity = 0.0
x_pos_initial = 67.76724941537823
y_pos_initial = 24.031641476160246
z_pos_initial = 18.099183112453865
x_vel_initial = 1.947493155017881
y_vel_initial = 1.8430117450348362
z_vel_initial = 1.252949397271145
num_bounces = 1
