gravity = 10.0
x_pos_initial = 55.62852938120447
y_pos_initial = 76.65822580810816
z_pos_initial = 17.104953209216966
x_vel_initial = -8.653103280318405
y_vel_initial = -3.2845035115965198
z_vel_initial = -9.29869055715681
num_bounces = 7
