gravity = 0.5
x_pos_initial = 58.574510243218995
y_pos_initial = 62.63256258278354
z_pos_initial = 15.239827261141853
x_vel_initial = -8.249164780430252
y_vel_initial = 8.538888836878336
z_vel_initial = -9.01439590188753