gravity = 0.5
x_pos_initial = 81.36255749276327
y_pos_initial = 16.71536430628866
z_pos_initial = 89.32362014014954
x_vel_initial = -7.531949444805581
y_vel_initial = -1.4513998250741427
z_vel_initial = 6.255517121932467
num_bounces = 17
