gravity = 0.5
x_pos_initial = 96.38037368125504
y_pos_initial = 89.60714546039709
z_pos_initial = 65.02744209944198
x_vel_initial = -4.353433499622181
y_vel_initial = 5.488595944212145
z_vel_initial = -7.3460940161831125