gravity = 10.0
x_pos_initial = 1.0253184312423813
y_pos_initial = 72.00927065217749
z_pos_initial = 81.29101764434581
x_vel_initial = -5.714397476215655
y_vel_initial = 5.097133370525109
z_vel_initial = -5.939941582464247