gravity = 10.0
x_pos_initial = 52.686803511444
y_pos_initial = 89.09183626290282
z_pos_initial = 86.28923780538105
x_vel_initial = 7.342275393791503
y_vel_initial = 6.511927456507795
z_vel_initial = -1.7913842221470144