gravity = 0.0
x_pos_initial = 44.54438883794048
y_pos_initial = 34.43682513746653
z_pos_initial = 33.20261046095129
x_vel_initial = 5.625376256029307
y_vel_initial = 6.726330561166158
z_vel_initial = 1.769426737703487