gravity = 0.0
x_pos_initial = 25.314394425395264
y_pos_initial = 85.10075620645746
z_pos_initial = 99.66630013484561
x_vel_initial = -3.5406294463141235
y_vel_initial = -9.71361655909858
z_vel_initial = 7.598164458232798