gravity = 0.0
x_pos_initial = 65.02245165578445
y_pos_initial = 22.52225853637404
z_pos_initial = 17.91518756290034
x_vel_initial = 6.279108797865462
y_vel_initial = 4.254275285913108
z_vel_initial = -9.86710108533922