gravity = 10.0
x_pos_initial = 78.95203053221238
y_pos_initial = 94.7868266750794
z_pos_initial = 71.04749957729028
x_vel_initial = 5.719289616849991
y_vel_initial = -1.4516701289921219
z_vel_initial = -6.6270845375688
num_bounces = 8
