gravity = 0.0
x_pos_initial = 41.71333201196067
y_pos_initial = 34.108943973185696
z_pos_initial = 81.05711307748363
x_vel_initial = -0.8912975352956529
y_vel_initial = -7.491515303920075
z_vel_initial = -4.3776153059813145