gravity = 0.5
x_pos_initial = 27.30983169624
y_pos_initial = 54.46610978432386
z_pos_initial = 49.95469246195119
x_vel_initial = 8.356194024966054
y_vel_initial = -0.0319729178621877
z_vel_initial = -0.3057295304441112