gravity = 0.0
x_pos_initial = 59.77579331340795
y_pos_initial = 36.12293475383443
z_pos_initial = 7.576945511858375
x_vel_initial = -6.146811131485168
y_vel_initial = -2.767031309242811
z_vel_initial = 9.671593166797265
num_bounces = 3
