gravity = 0.0
x_pos_initial = 72.82073957215049
y_pos_initial = 48.981486619390424
z_pos_initial = 57.40349164534971
x_vel_initial = 7.23490482130093
y_vel_initial = -0.9000328216430287
z_vel_initial = 6.899827514425763