gravity = 0.0
x_pos_initial = 4.673436224051639
y_pos_initial = 22.270369103421892
z_pos_initial = 55.32399574143482
x_vel_initial = 0.16265649858715037
y_vel_initial = 0.9177096001313672
z_vel_initial = -5.544832777433194
num_bounces = 1
