gravity = 0.0
x_pos_initial = 6.900994607606311
y_pos_initial = 36.44535879220707
z_pos_initial = 85.15529815890605
x_vel_initial = -2.1727086475206105
y_vel_initial = 4.880292876772296
z_vel_initial = 3.5372346978875733