gravity = 0.5
x_pos_initial = 41.16506315706328
y_pos_initial = 29.700762691284456
z_pos_initial = 6.059517014039223
x_vel_initial = -5.783169294152183
y_vel_initial = -7.863758060342104
z_vel_initial = 7.837507233136478
num_bounces = 20
