gravity = 0.0
x_pos_initial = 80.34645031868273
y_pos_initial = 76.65465308501426
z_pos_initial = 98.69091619225811
x_vel_initial = -8.28753425547928
y_vel_initial = -7.709918836343823
z_vel_initial = -8.476993934046723