gravity = 0.0
x_pos_initial = 4.842099709351768
y_pos_initial = 91.21837393362972
z_pos_initial = 44.5760032710867
x_vel_initial = 0.5388764507425847
y_vel_initial = 2.8990578581562048
z_vel_initial = 9.362583316398982
num_bounces = 2
