gravity = 0.5
x_pos_initial = 99.45351361070577
y_pos_initial = 33.175895318247626
z_pos_initial = 95.97967167538758
x_vel_initial = -5.634786137699155
y_vel_initial = 1.5114994985880639
z_vel_initial = 8.519074798508754