gravity = 0.0
x_pos_initial = 73.73458513664839
y_pos_initial = 73.26655909506836
z_pos_initial = 57.00851664516267
x_vel_initial = 8.266833610431512
y_vel_initial = 9.709544017323765
z_vel_initial = -3.0531528021058953