gravity = 0.0
x_pos_initial = 33.17764763624218
y_pos_initial = 57.283096039043265
z_pos_initial = 20.998860522963092
x_vel_initial = -9.677315790035061
y_vel_initial = 5.088108101448704
z_vel_initial = -8.089342859441658
num_bounces = 5
