gravity = 0.0
x_pos_initial = 91.5229380494035
y_pos_initial = 59.12527087792062
z_pos_initial = 45.39359054969026
x_vel_initial = 2.379775390229149
y_vel_initial = -0.8128021085632575
z_vel_initial = -5.485415795959482
num_bounces = 2
