gravity = 0.0
x_pos_initial = 63.09206122937329
y_pos_initial = 42.987536117446595
z_pos_initial = 62.34055919289518
x_vel_initial = 6.361156659322578
y_vel_initial = -9.687915921661112
z_vel_initial = 6.39811469157808
num_bounces = 4
