gravity = 0.0
x_pos_initial = 95.41033433417262
y_pos_initial = 63.90029088692288
z_pos_initial = 35.308733214601254
x_vel_initial = -3.9596578675439833
y_vel_initial = -0.25928855871071477
z_vel_initial = 8.56557550011442
num_bounces = 1
