gravity = 0.0
x_pos_initial = 28.25146922551133
y_pos_initial = 49.20552359658737
z_pos_initial = 57.99700744164945
x_vel_initial = 0.2968091471976617
y_vel_initial = 2.793373147511243
z_vel_initial = 6.912525199373565