gravity = 0.5
x_pos_initial = 40.33707330899834
y_pos_initial = 53.572805557294735
z_pos_initial = 23.506151208741862
x_vel_initial = 8.81824635185519
y_vel_initial = -7.616923455238423
z_vel_initial = -1.3414093596280114