gravity = 0.0
x_pos_initial = 25.120839259817078
y_pos_initial = 68.57686629860731
z_pos_initial = 37.909467393643475
x_vel_initial = -4.643424700564943
y_vel_initial = 0.9900882449624522
z_vel_initial = 3.121359558644045
num_bounces = 1
