gravity = 0.0
x_pos_initial = 13.676559648306345
y_pos_initial = 54.117411455507906
z_pos_initial = 82.56799582483589
x_vel_initial = 2.0073261148692794
y_vel_initial = -0.1750476156812084
z_vel_initial = -3.8183201031853287
num_bounces = 0
