gravity = 0.5
x_pos_initial = 35.36279608488366
y_pos_initial = 27.91603086286741
z_pos_initial = 49.33962109407971
x_vel_initial = 7.597681172089931
y_vel_initial = -9.238320513608693
z_vel_initial = 1.9684134806428695
num_bounces = 17
