gravity = 10.0
x_pos_initial = 18.55195258617158
y_pos_initial = 74.97978030266593
z_pos_initial = 74.84819678009033
x_vel_initial = 2.811440787913364
y_vel_initial = 5.638888548324633
z_vel_initial = -3.969494533633588
num_bounces = 6
