gravity = 0.0
x_pos_initial = 72.8600484266217
y_pos_initial = 37.870185670855534
z_pos_initial = 16.333702847716797
x_vel_initial = 3.4699168110643797
y_vel_initial = -9.106546876593054
z_vel_initial = -3.8059938227777197
num_bounces = 4
