gravity = 0.5
x_pos_initial = 47.37868934870453
y_pos_initial = 3.608714765843682
z_pos_initial = 39.978327160835974
x_vel_initial = 4.633128081934103
y_vel_initial = 9.98479088441459
z_vel_initial = 1.0052313112702613
num_bounces = 8
