gravity = 0.0
x_pos_initial = 51.527169763188645
y_pos_initial = 14.101598018311703
z_pos_initial = 28.46254982114493
x_vel_initial = 8.992800450127685
y_vel_initial = 7.669526993050816
z_vel_initial = 0.8792294605464104