gravity = 0.5
x_pos_initial = 51.83579755740431
y_pos_initial = 80.45345080246173
z_pos_initial = 18.498902479668494
x_vel_initial = 0.3902388323087518
y_vel_initial = -4.354666826782123
z_vel_initial = 0.7265463076091194
num_bounces = 21
