gravity = 0.5
x_pos_initial = 97.13841334452177
y_pos_initial = 84.54126833383202
z_pos_initial = 37.45906666144188
x_vel_initial = 9.137618231124396
y_vel_initial = -8.02519005452902
z_vel_initial = 3.1084487881232974
num_bounces = 24
