gravity = 0.5
x_pos_initial = 57.1665997112502
y_pos_initial = 21.410350700247037
z_pos_initial = 61.00706393208869
x_vel_initial = -3.8956512770743386
y_vel_initial = 8.30010907506314
z_vel_initial = -1.6681558686262719