gravity = 0.0
x_pos_initial = 44.96076070021987
y_pos_initial = 13.228289383141616
z_pos_initial = 72.13999381983093
x_vel_initial = -2.577765026509642
y_vel_initial = -0.4787801249350725
z_vel_initial = -6.80278738918282