gravity = 10.0
x_pos_initial = 3.764617432979705
y_pos_initial = 67.33512197865814
z_pos_initial = 33.75922937140754
x_vel_initial = 5.506769853301094
y_vel_initial = 2.040924048903097
z_vel_initial = 9.51320009330706