gravity = 10.0
x_pos_initial = 57.66495176105575
y_pos_initial = 52.53926155320407
z_pos_initial = 19.87512856456147
x_vel_initial = -6.565276247375155
y_vel_initial = 0.4318699975675244
z_vel_initial = 0.7659948106012724
num_bounces = 6
