gravity = 0.0
x_pos_initial = 83.86025587948919
y_pos_initial = 94.13419746557298
z_pos_initial = 67.39925758225371
x_vel_initial = -6.252383972291048
y_vel_initial = -8.37090004645659
z_vel_initial = -6.025730832230088
num_bounces = 3
