gravity = 0.0
x_pos_initial = 25.368249015450992
y_pos_initial = 32.732574753309706
z_pos_initial = 33.56571819572855
x_vel_initial = -6.418592187491198
y_vel_initial = -2.7186696108621504
z_vel_initial = -1.1940032045310396