gravity = 10.0
x_pos_initial = 89.89088119052394
y_pos_initial = 31.339423030555874
z_pos_initial = 76.94275727448785
x_vel_initial = 9.61015297808422
y_vel_initial = -0.8820406620552834
z_vel_initial = 8.235806771407784
num_bounces = 9
