gravity = 10.0
x_pos_initial = 46.326525344616435
y_pos_initial = 64.71568051139145
z_pos_initial = 15.807839374950797
x_vel_initial = 1.3520306101198791
y_vel_initial = 3.703081059764598
z_vel_initial = -4.025324964771159
num_bounces = 7
