gravity = 0.0
x_pos_initial = 90.04898722163254
y_pos_initial = 12.117805324754446
z_pos_initial = 67.67887313383369
x_vel_initial = 5.578818050053513
y_vel_initial = -7.062101616218204
z_vel_initial = -8.195161731879482
num_bounces = 4
