gravity = 0.5
x_pos_initial = 87.24716065687792
y_pos_initial = 89.25242923303801
z_pos_initial = 33.79731433756964
x_vel_initial = 1.6116454796759712
y_vel_initial = 1.862817023742192
z_vel_initial = 7.532500147996725