gravity = 0.0
x_pos_initial = 89.8982873814708
y_pos_initial = 6.157628910054712
z_pos_initial = 98.31521699945077
x_vel_initial = -1.5006747028362284
y_vel_initial = -0.1588791065385422
z_vel_initial = 8.166932664810961