gravity = 0.0
x_pos_initial = 8.583260294685722
y_pos_initial = 91.67034685413691
z_pos_initial = 58.74641610776119
x_vel_initial = -1.0745920111924026
y_vel_initial = -5.596935529075936
z_vel_initial = -1.0418448488441232
num_bounces = 2
