gravity = 0.0
x_pos_initial = 32.73309007783427
y_pos_initial = 46.29614468111944
z_pos_initial = 19.14340122498576
x_vel_initial = 6.92815639455922
y_vel_initial = 0.5429571841085252
z_vel_initial = 7.70209567951218
num_bounces = 2
