gravity = 0.0
x_pos_initial = 88.40550218680202
y_pos_initial = 63.09791681205783
z_pos_initial = 22.70539879492368
x_vel_initial = -0.7523154246926786
y_vel_initial = 0.042918257847999186
z_vel_initial = 0.7142449960500805