gravity = 10.0
x_pos_initial = 44.17769769621376
y_pos_initial = 28.200511327436715
z_pos_initial = 14.85031782402052
x_vel_initial = -2.079161425514215
y_vel_initial = 4.980182227857803
z_vel_initial = 9.28672930664709