gravity = 0.0
x_pos_initial = 17.60541231284669
y_pos_initial = 62.77004519270411
z_pos_initial = 69.54715093513425
x_vel_initial = 8.41458210765099
y_vel_initial = -2.2109641354090392
z_vel_initial = 2.4168267206235043