gravity = 0.0
x_pos_initial = 1.8037653795953732
y_pos_initial = 53.888560339389244
z_pos_initial = 97.07341572618488
x_vel_initial = 9.241070575372401
y_vel_initial = 2.2517196132905504
z_vel_initial = 1.2017696077974165
num_bounces = 2
