gravity = 0.0
x_pos_initial = 87.97972661681801
y_pos_initial = 23.313219502536068
z_pos_initial = 93.18313133648698
x_vel_initial = 2.244222675373596
y_vel_initial = -4.2987595637440394
z_vel_initial = 9.129866727821476
num_bounces = 4
