gravity = 0.5
x_pos_initial = 67.43158019271286
y_pos_initial = 20.39290007595288
z_pos_initial = 40.65395077249544
x_vel_initial = -5.160126124824228
y_vel_initial = -9.824672119456938
z_vel_initial = -7.773391494531097
num_bounces = 17
