gravity = 10.0
x_pos_initial = 36.25435416197512
y_pos_initial = 76.36258011397081
z_pos_initial = 44.65122005724193
x_vel_initial = -5.365139299469697
y_vel_initial = 8.85767391585075
z_vel_initial = -6.6471754732906