gravity = 0.5
x_pos_initial = 16.1152562301601
y_pos_initial = 11.494005594722749
z_pos_initial = 87.62866725781576
x_vel_initial = -6.489001222988751
y_vel_initial = 4.993713101067332
z_vel_initial = -7.291985175649614