gravity = 0.0
x_pos_initial = 47.294529132776134
y_pos_initial = 71.3872229925868
z_pos_initial = 10.667661667341939
x_vel_initial = -9.893400165757159
y_vel_initial = 2.6048781914357892
z_vel_initial = -3.6552964859952946
num_bounces = 4
