gravity = 0.0
x_pos_initial = 55.23474948529768
y_pos_initial = 36.628265152152075
z_pos_initial = 69.31960978796361
x_vel_initial = -4.9754542030755085
y_vel_initial = -2.6260053986360425
z_vel_initial = 5.07983793135778