gravity = 0.0
x_pos_initial = 1.7148190750359968
y_pos_initial = 48.114700965273
z_pos_initial = 50.51156639492987
x_vel_initial = -7.237919969384931
y_vel_initial = 3.8512532496886394
z_vel_initial = 3.054300495726986
num_bounces = 4
