gravity = 10.0
x_pos_initial = 26.455586443637714
y_pos_initial = 67.27081352198954
z_pos_initial = 85.45546129669637
x_vel_initial = 8.712846322347797
y_vel_initial = 0.7599240132914087
z_vel_initial = -8.508879883040226