gravity = 0.5
x_pos_initial = 71.94573041556258
y_pos_initial = 82.17543318703328
z_pos_initial = 7.307463790202186
x_vel_initial = 3.8330493718701018
y_vel_initial = -5.452447081648793
z_vel_initial = 8.866200974246677