gravity = 10.0
x_pos_initial = 55.482079273279815
y_pos_initial = 22.698003893521207
z_pos_initial = 13.794167698394538
x_vel_initial = 0.6297656014001483
y_vel_initial = -2.2432699936675418
z_vel_initial = -6.581631678922641
num_bounces = 4
