gravity = 0.0
x_pos_initial = 77.16033231938566
y_pos_initial = 77.84442785632714
z_pos_initial = 34.2173747997742
x_vel_initial = 8.733994746299881
y_vel_initial = -8.283499420708612
z_vel_initial = 9.100468043275782