gravity = 0.0
x_pos_initial = 49.739784839220256
y_pos_initial = 56.43612667154878
z_pos_initial = 52.91240944344563
x_vel_initial = 1.1875307036016185
y_vel_initial = -7.383811559251471
z_vel_initial = 5.8716028218971275