gravity = 0.0
x_pos_initial = 36.11973678157217
y_pos_initial = 51.26326941112035
z_pos_initial = 58.56465885575287
x_vel_initial = 5.614990748599391
y_vel_initial = 6.754550664920885
z_vel_initial = -5.293480306345068
num_bounces = 3
