gravity = 0.0
x_pos_initial = 37.71945971957017
y_pos_initial = 91.26050972351452
z_pos_initial = 16.04949397595078
x_vel_initial = 8.490478591566681
y_vel_initial = -9.41682542283884
z_vel_initial = 1.1410290452162126
num_bounces = 2
