gravity = 10.0
x_pos_initial = 61.713241524070035
y_pos_initial = 82.64857418898814
z_pos_initial = 34.47115984598172
x_vel_initial = 3.64154873789035
y_vel_initial = -3.3337216911602834
z_vel_initial = -9.018006320199808