gravity = 0.5
x_pos_initial = 6.257513263158804
y_pos_initial = 87.19688206855506
z_pos_initial = 99.60838165840678
x_vel_initial = -7.8293164964121775
y_vel_initial = 1.7162715861702793
z_vel_initial = 2.667855752129169