gravity = 0.0
x_pos_initial = 52.50236692347377
y_pos_initial = 25.670140317991166
z_pos_initial = 32.64407015216796
x_vel_initial = -5.794012663368748
y_vel_initial = 0.9960904421842649
z_vel_initial = 0.9242863574568698
num_bounces = 1
