gravity = 10.0
x_pos_initial = 76.08824320401065
y_pos_initial = 98.05393780306761
z_pos_initial = 81.10270994804263
x_vel_initial = 9.353533900520304
y_vel_initial = 5.251682977589207
z_vel_initial = -4.936422920520707
num_bounces = 7
