gravity = 0.0
x_pos_initial = 34.212306188034646
y_pos_initial = 77.29684957036157
z_pos_initial = 13.659869990044148
x_vel_initial = -5.832625361509629
y_vel_initial = -5.31083017020588
z_vel_initial = -0.2278479564289153