gravity = 0.0
x_pos_initial = 19.99956736561374
y_pos_initial = 41.848560992041904
z_pos_initial = 69.95700248359014
x_vel_initial = 8.926635211444939
y_vel_initial = -0.6074118622847902
z_vel_initial = -2.833665791872165
num_bounces = 1
