gravity = 0.0
x_pos_initial = 34.228382925430864
y_pos_initial = 18.462961196730642
z_pos_initial = 27.53963235092076
x_vel_initial = 5.204132284245478
y_vel_initial = -3.4343284982366917
z_vel_initial = 3.023983058890705