gravity = 0.0
x_pos_initial = 21.17479862589312
y_pos_initial = 92.29942376518503
z_pos_initial = 28.219058669465376
x_vel_initial = -7.125320962207029
y_vel_initial = 1.0931268968942547
z_vel_initial = -1.874432718199813