gravity = 0.5
x_pos_initial = 20.968407691172533
y_pos_initial = 24.8474037814605
z_pos_initial = 70.75529840059929
x_vel_initial = 4.766014448545105
y_vel_initial = 0.52532299116295
z_vel_initial = -7.205025005309176
num_bounces = 15
