gravity = 0.0
x_pos_initial = 0.33796339207404014
y_pos_initial = 76.24480401783866
z_pos_initial = 19.774998710646653
x_vel_initial = -7.050820437338028
y_vel_initial = -9.679319054097851
z_vel_initial = -5.414225036252499