gravity = 0.0
x_pos_initial = 75.70458645222644
y_pos_initial = 2.124093165177415
z_pos_initial = 92.42890410625245
x_vel_initial = -0.5780617729512674
y_vel_initial = 7.700308749261868
z_vel_initial = 4.871254807533234
num_bounces = 2
