gravity = 0.5
x_pos_initial = 68.66866308163107
y_pos_initial = 73.28555892795373
z_pos_initial = 65.03404240740076
x_vel_initial = -4.610345247951781
y_vel_initial = 6.959712542596286
z_vel_initial = 2.827414409727181