gravity = 0.0
x_pos_initial = 14.144525997001882
y_pos_initial = 75.51948406084945
z_pos_initial = 60.67293907193862
x_vel_initial = -9.31067508222291
y_vel_initial = -1.3617290882521207
z_vel_initial = -1.7195440883372513
num_bounces = 2
