gravity = 10.0
x_pos_initial = 52.62907260169128
y_pos_initial = 8.72559982201276
z_pos_initial = 45.94636775600426
x_vel_initial = -7.187740133998309
y_vel_initial = 0.4118012244744147
z_vel_initial = -2.6237205983586662