gravity = 0.5
x_pos_initial = 79.52890498987055
y_pos_initial = 29.219146263679256
z_pos_initial = 70.49235335565963
x_vel_initial = -8.36437566701677
y_vel_initial = -9.110707915637953
z_vel_initial = 8.992102603918152