gravity = 0.5
x_pos_initial = 14.248740867474584
y_pos_initial = 64.92904243661619
z_pos_initial = 45.97650936028701
x_vel_initial = 0.36221805761424086
y_vel_initial = -1.6335604695477421
z_vel_initial = -7.831071319719327
num_bounces = 18
