gravity = 0.5
x_pos_initial = 17.51260737670175
y_pos_initial = 53.56238135059175
z_pos_initial = 19.914513066993685
x_vel_initial = -7.488449692697337
y_vel_initial = 9.722979918731397
z_vel_initial = -6.45831692425641