gravity = 0.5
x_pos_initial = 72.06339734786891
y_pos_initial = 10.442203445444708
z_pos_initial = 11.076132348904965
x_vel_initial = -4.735207267675064
y_vel_initial = 6.619414924205291
z_vel_initial = -4.461780013951571