gravity = 0.0
x_pos_initial = 80.80646390814775
y_pos_initial = 71.77914517619097
z_pos_initial = 44.643326204453736
x_vel_initial = 8.844555520213028
y_vel_initial = -6.035438578664812
z_vel_initial = -9.483176952097258