gravity = 10.0
x_pos_initial = 61.46698149923297
y_pos_initial = 11.80848474900224
z_pos_initial = 24.282620201822528
x_vel_initial = 6.020968922802119
y_vel_initial = -4.259819080530271
z_vel_initial = -5.544048123921621