gravity = 0.5
x_pos_initial = 10.747155865009782
y_pos_initial = 74.95751707301825
z_pos_initial = 82.11764915577447
x_vel_initial = -4.59930928884177
y_vel_initial = -1.27046679107392
z_vel_initial = -4.624283379081309
num_bounces = 23
