gravity = 10.0
x_pos_initial = 93.75836841535512
y_pos_initial = 96.19946571428892
z_pos_initial = 86.8816926491727
x_vel_initial = 6.866225854764618
y_vel_initial = 6.570007531071955
z_vel_initial = 7.483399354731102
num_bounces = 8
