gravity = 0.0
x_pos_initial = 75.43790643600853
y_pos_initial = 75.91999786849873
z_pos_initial = 37.701511698600655
x_vel_initial = 7.55036101020935
y_vel_initial = -7.125316044374463
z_vel_initial = 9.057516402472288