gravity = 0.0
x_pos_initial = 43.07797506957777
y_pos_initial = 79.9736242067928
z_pos_initial = 11.463904686261182
x_vel_initial = -2.5169727893319713
y_vel_initial = 6.301032253919612
z_vel_initial = -2.746769543326203
num_bounces = 3
