gravity = 0.0
x_pos_initial = 66.978180638446
y_pos_initial = 84.92716752790659
z_pos_initial = 33.62411688298206
x_vel_initial = -0.1984092915649569
y_vel_initial = -5.22050507247489
z_vel_initial = 9.15068548775523
num_bounces = 2
