gravity = 0.5
x_pos_initial = 40.63190025518845
y_pos_initial = 24.883255853172475
z_pos_initial = 72.93559592966817
x_vel_initial = 0.14900403190738487
y_vel_initial = -0.10372217592751731
z_vel_initial = -3.798956209561343
num_bounces = 15
