gravity = 10.0
x_pos_initial = 84.41371434730081
y_pos_initial = 70.44559724798765
z_pos_initial = 48.39312954827778
x_vel_initial = -6.118889397330765
y_vel_initial = -9.568547433684495
z_vel_initial = 9.247292319115179
num_bounces = 7
