gravity = 0.0
x_pos_initial = 43.15699992376859
y_pos_initial = 84.39795725199234
z_pos_initial = 9.798344402075095
x_vel_initial = 8.952207163225395
y_vel_initial = -4.0123293357721455
z_vel_initial = -1.9578099022079147
num_bounces = 2
