gravity = 10.0
x_pos_initial = 48.07295345230963
y_pos_initial = 73.6607130989291
z_pos_initial = 39.24476349929435
x_vel_initial = -8.643714807325047
y_vel_initial = 7.940946611235734
z_vel_initial = 1.4993248606142746