gravity = 0.5
x_pos_initial = 87.69061339869351
y_pos_initial = 80.34256071715969
z_pos_initial = 96.11278372530917
x_vel_initial = -2.0323117710693603
y_vel_initial = 1.830493527111372
z_vel_initial = -5.6888609679869635