gravity = 0.5
x_pos_initial = 22.981414737251374
y_pos_initial = 56.68954400860731
z_pos_initial = 42.15373603179136
x_vel_initial = 8.120730397058502
y_vel_initial = 1.8884847678322068
z_vel_initial = 4.173701343248446