gravity = 10.0
x_pos_initial = 43.913992999461954
y_pos_initial = 25.925219720103517
z_pos_initial = 64.92951182634775
x_vel_initial = 1.8155667856247355
y_vel_initial = -0.9335272555828684
z_vel_initial = 3.725432743623763
num_bounces = 4
