gravity = 0.0
x_pos_initial = 66.55594218625069
y_pos_initial = 10.848424837647293
z_pos_initial = 35.66763031427334
x_vel_initial = -8.23645603755903
y_vel_initial = 0.45287310582507345
z_vel_initial = -0.5639762855889785