gravity = 0.0
x_pos_initial = 43.459656035184125
y_pos_initial = 37.76742141369037
z_pos_initial = 1.9422059447908424
x_vel_initial = 2.7568456860269226
y_vel_initial = 5.66651429601775
z_vel_initial = 3.839591716977962