gravity = 10.0
x_pos_initial = 11.52360496179005
y_pos_initial = 74.69311161333525
z_pos_initial = 32.09183962377428
x_vel_initial = 8.940506591410124
y_vel_initial = 2.135067548386253
z_vel_initial = -9.401353537293737