gravity = 0.0
x_pos_initial = 19.828649942492167
y_pos_initial = 19.729154767686243
z_pos_initial = 75.65821621364063
x_vel_initial = 0.9936530131132191
y_vel_initial = 1.9507737822521989
z_vel_initial = 4.153841675406893