gravity = 0.0
x_pos_initial = 92.04381696915803
y_pos_initial = 44.20362516182526
z_pos_initial = 22.567434030394807
x_vel_initial = 4.369672837727016
y_vel_initial = 5.3614009507625955
z_vel_initial = 1.7413374749005044
num_bounces = 2
