gravity = 0.0
x_pos_initial = 60.20326712922303
y_pos_initial = 21.313046653912785
z_pos_initial = 40.18171736285836
x_vel_initial = -2.2543331268020976
y_vel_initial = 8.452206613550086
z_vel_initial = 0.697184870752741