gravity = 10.0
x_pos_initial = 32.01471898830144
y_pos_initial = 15.935213518221879
z_pos_initial = 90.54823785554447
x_vel_initial = 8.780983647657184
y_vel_initial = 3.4244304021219705
z_vel_initial = 1.42685588795392