gravity = 0.5
x_pos_initial = 94.53008273826146
y_pos_initial = 59.22999714561566
z_pos_initial = 79.2936389821016
x_vel_initial = 0.684545632714066
y_vel_initial = -5.995749261494244
z_vel_initial = -9.69382320171269
num_bounces = 17
