gravity = 0.5
x_pos_initial = 15.314560610701323
y_pos_initial = 2.663754779363529
z_pos_initial = 45.91272491951344
x_vel_initial = -2.4661876554031714
y_vel_initial = 5.162121101356682
z_vel_initial = 0.5466299885306452
num_bounces = 7
