gravity = 10.0
x_pos_initial = 12.477073056403668
y_pos_initial = 59.106235320882405
z_pos_initial = 63.64116917071095
x_vel_initial = -4.343828918768544
y_vel_initial = -8.935233818172673
z_vel_initial = -8.672210957724857