gravity = 0.0
x_pos_initial = 50.29893196364324
y_pos_initial = 65.9171455929794
z_pos_initial = 52.79092869317424
x_vel_initial = -7.143137187267156
y_vel_initial = -5.719777828479764
z_vel_initial = -6.4043074176473915
num_bounces = 3
