gravity = 0.0
x_pos_initial = 25.201099713816976
y_pos_initial = 8.944694945534774
z_pos_initial = 54.975338691800744
x_vel_initial = 8.085444035206098
y_vel_initial = 3.4086132006456324
z_vel_initial = 5.8892948986240725
num_bounces = 2
