gravity = 10.0
x_pos_initial = 91.64849145406565
y_pos_initial = 74.73935832540052
z_pos_initial = 98.59475976403023
x_vel_initial = -0.23410328439236494
y_vel_initial = 6.792574653034116
z_vel_initial = 4.8981559542426325