gravity = 0.0
x_pos_initial = 14.410638707102898
y_pos_initial = 27.441570375409782
z_pos_initial = 44.2630084017433
x_vel_initial = -2.8609066343891865
y_vel_initial = 0.4847941694512592
z_vel_initial = -2.513080786641792