gravity = 0.0
x_pos_initial = 36.26739526401611
y_pos_initial = 97.68922794502333
z_pos_initial = 92.06123195767303
x_vel_initial = -4.154707643605134
y_vel_initial = 6.602212954784079
z_vel_initial = -9.85564679207315
num_bounces = 4
