gravity = 0.0
x_pos_initial = 57.82464317913044
y_pos_initial = 54.69260200077519
z_pos_initial = 6.694126367040017
x_vel_initial = 0.022919692307159067
y_vel_initial = -5.564314920135804
z_vel_initial = -5.46249424419528
num_bounces = 2
