gravity = 0.5
x_pos_initial = 95.69300315478779
y_pos_initial = 92.54108960210925
z_pos_initial = 95.28352406925596
x_vel_initial = -9.697890022763504
y_vel_initial = -7.760907208366502
z_vel_initial = 5.982268828657803
num_bounces = 21
