gravity = 0.0
x_pos_initial = 92.51920270439095
y_pos_initial = 89.42955700706628
z_pos_initial = 53.90232955652572
x_vel_initial = -8.067580539352907
y_vel_initial = 3.2418117086817233
z_vel_initial = 0.21360044574174708
num_bounces = 2
