gravity = 0.0
x_pos_initial = 19.398818112581065
y_pos_initial = 25.491547038157844
z_pos_initial = 78.59283894217445
x_vel_initial = -3.5584349953213046
y_vel_initial = 2.318621181477452
z_vel_initial = 6.558381738949983