gravity = 0.0
x_pos_initial = 26.225145026571123
y_pos_initial = 58.71600113595216
z_pos_initial = 29.685651512796976
x_vel_initial = 3.3811468247869385
y_vel_initial = 8.347162609943549
z_vel_initial = 6.564918827838589