gravity = 0.0
x_pos_initial = 41.78571824189984
y_pos_initial = 28.098564744672856
z_pos_initial = 81.53511650049327
x_vel_initial = -6.670749562711558
y_vel_initial = 8.722818097762723
z_vel_initial = 8.886328911536268
num_bounces = 4
