gravity = 0.5
x_pos_initial = 95.78991204978585
y_pos_initial = 30.588392912285293
z_pos_initial = 43.37517074374846
x_vel_initial = 5.354291810207627
y_vel_initial = 6.173895631007724
z_vel_initial = -1.4949017953354815
num_bounces = 18
