gravity = 10.0
x_pos_initial = 15.102432784030043
y_pos_initial = 61.71823747418677
z_pos_initial = 15.558627453226869
x_vel_initial = -1.3222597713689712
y_vel_initial = -2.4028044551800143
z_vel_initial = -0.26422679602829646