gravity = 0.0
x_pos_initial = 74.44184514687946
y_pos_initial = 3.6077278651346445
z_pos_initial = 95.85450124098253
x_vel_initial = 6.135504546390177
y_vel_initial = 8.561132637504809
z_vel_initial = -5.717773892855452
num_bounces = 3
