gravity = 0.0
x_pos_initial = 42.512671788741024
y_pos_initial = 65.9403491135667
z_pos_initial = 68.3285330703984
x_vel_initial = 5.845960260669271
y_vel_initial = 5.041622395680626
z_vel_initial = -4.982262866683957