gravity = 0.5
x_pos_initial = 12.377944785403871
y_pos_initial = 43.27212307180425
z_pos_initial = 20.811512998112708
x_vel_initial = 3.7315688588296183
y_vel_initial = -2.573088273174452
z_vel_initial = -0.6168496379333401
num_bounces = 18
