gravity = 0.5
x_pos_initial = 69.41583133101952
y_pos_initial = 35.33045774645131
z_pos_initial = 14.393557264553046
x_vel_initial = 2.2482872322165335
y_vel_initial = 2.299832202216301
z_vel_initial = 6.229380396197893
num_bounces = 18
