gravity = 10.0
x_pos_initial = 17.82284424151236
y_pos_initial = 73.16279626964388
z_pos_initial = 56.86267428887968
x_vel_initial = 5.971113979765867
y_vel_initial = 1.473595179078636
z_vel_initial = -8.166847158561819
num_bounces = 8
