gravity = 0.0
x_pos_initial = 0.09203138185599624
y_pos_initial = 2.874819021815745
z_pos_initial = 66.83598236044067
x_vel_initial = 3.2153550756806837
y_vel_initial = -0.11999185775414922
z_vel_initial = 9.829115373016805
num_bounces = 2
