gravity = 0.5
x_pos_initial = 15.67162468005241
y_pos_initial = 73.45423531642413
z_pos_initial = 46.18168649662541
x_vel_initial = 9.364379722610376
y_vel_initial = -0.42785452496631393
z_vel_initial = -6.984820781824592
num_bounces = 21
