gravity = 0.0
x_pos_initial = 38.540149077310225
y_pos_initial = 31.371969902874355
z_pos_initial = 98.1007437130958
x_vel_initial = 2.8053019320325383
y_vel_initial = -5.69902548969325
z_vel_initial = 4.9757128413474305