gravity = 10.0
x_pos_initial = 10.104314234055362
y_pos_initial = 68.17951956888939
z_pos_initial = 81.43686406503565
x_vel_initial = -8.64751441576025
y_vel_initial = 1.9377044443294231
z_vel_initial = -0.6259638331094646
num_bounces = 8
