gravity = 0.0
x_pos_initial = 1.4452838539842487
y_pos_initial = 40.02077012120738
z_pos_initial = 17.357428538704248
x_vel_initial = 1.1058505295817866
y_vel_initial = 7.816091082039531
z_vel_initial = -1.9069453246350765
num_bounces = 2
