gravity = 0.0
x_pos_initial = 29.03554394315774
y_pos_initial = 18.646140992368196
z_pos_initial = 94.94960198531989
x_vel_initial = -5.518000736261378
y_vel_initial = -9.651655183058931
z_vel_initial = 2.5969214632265736
num_bounces = 4
