gravity = 10.0
x_pos_initial = 63.49130721644815
y_pos_initial = 85.4494359658558
z_pos_initial = 61.11895600940952
x_vel_initial = -4.856927441695123
y_vel_initial = -6.4984019033642255
z_vel_initial = -7.456149892067224
num_bounces = 6
