gravity = 0.0
x_pos_initial = 66.50566579216397
y_pos_initial = 40.4197547166691
z_pos_initial = 38.94296203663653
x_vel_initial = -5.865400428770198
y_vel_initial = 4.990708174334328
z_vel_initial = -4.2341627269357485
num_bounces = 3
