gravity = 0.5
x_pos_initial = 53.26673660124887
y_pos_initial = 50.637801276339296
z_pos_initial = 41.9503325948074
x_vel_initial = 9.11125892127652
y_vel_initial = -4.483376418876765
z_vel_initial = -1.07451973018963