gravity = 0.0
x_pos_initial = 94.57405407762795
y_pos_initial = 71.48081000602777
z_pos_initial = 69.6889177019829
x_vel_initial = 6.130273338789703
y_vel_initial = -6.533738872700669
z_vel_initial = -1.632773984413948