gravity = 0.0
x_pos_initial = 53.56766736685874
y_pos_initial = 85.75829621929843
z_pos_initial = 64.65702196235095
x_vel_initial = 9.666498291515865
y_vel_initial = -5.355953983894067
z_vel_initial = 4.893828926822522
num_bounces = 4
