gravity = 10.0
x_pos_initial = 71.0127806470235
y_pos_initial = 69.60306298530703
z_pos_initial = 83.77172927687232
x_vel_initial = 7.88647023036906
y_vel_initial = -3.3329492808422554
z_vel_initial = -2.0677455400762508
num_bounces = 6
