gravity = 10.0
x_pos_initial = 19.7363453227044
y_pos_initial = 84.82118748191161
z_pos_initial = 46.845630447814706
x_vel_initial = 9.650451283911835
y_vel_initial = -4.898373897129506
z_vel_initial = -7.7307683903166815