gravity = 10.0
x_pos_initial = 35.86858427084177
y_pos_initial = 45.880187125213155
z_pos_initial = 2.1863222461835776
x_vel_initial = -0.082934508778715
y_vel_initial = -6.614995223168595
z_vel_initial = 2.7783657731125473