gravity = 0.0
x_pos_initial = 81.00277476491567
y_pos_initial = 85.7022537852136
z_pos_initial = 29.239110740751983
x_vel_initial = -1.6006531792133494
y_vel_initial = -8.910239060521864
z_vel_initial = 4.81458442136943
num_bounces = 2
