gravity = 0.0
x_pos_initial = 83.84464407845294
y_pos_initial = 72.64109219725907
z_pos_initial = 34.35396597058667
x_vel_initial = -2.5739188670983433
y_vel_initial = 5.033367724791791
z_vel_initial = -7.85200739371498
num_bounces = 2
