gravity = 10.0
x_pos_initial = 5.169225864691887
y_pos_initial = 40.93345796316421
z_pos_initial = 12.666409947422377
x_vel_initial = 5.624243143439916
y_vel_initial = -8.382331507624363
z_vel_initial = -8.691211977027073
num_bounces = 8
