gravity = 10.0
x_pos_initial = 93.19225628454964
y_pos_initial = 25.071698632087603
z_pos_initial = 5.96840765328558
x_vel_initial = -1.034932218536614
y_vel_initial = 2.5605751014628737
z_vel_initial = 1.6180707184455532