gravity = 0.0
x_pos_initial = 91.29150836634786
y_pos_initial = 61.35189837711544
z_pos_initial = 29.957870608560505
x_vel_initial = -6.520317107204866
y_vel_initial = -5.84981688711022
z_vel_initial = 7.660958003137022