gravity = 0.5
x_pos_initial = 50.90263700349676
y_pos_initial = 38.00112263772254
z_pos_initial = 65.436564556409
x_vel_initial = 4.229741321526431
y_vel_initial = 9.705329256297755
z_vel_initial = 1.7466151479163798