gravity = 0.0
x_pos_initial = 34.21291409638145
y_pos_initial = 69.69431820525297
z_pos_initial = 28.93934359111464
x_vel_initial = -4.546592074048423
y_vel_initial = 4.65072720765318
z_vel_initial = 8.153688132583223
num_bounces = 3
