gravity = 0.0
x_pos_initial = 5.683793040365067
y_pos_initial = 68.9469930744714
z_pos_initial = 44.78879814605962
x_vel_initial = -0.7009238133962299
y_vel_initial = -1.0748537339724056
z_vel_initial = -0.7617543442930597