gravity = 0.0
x_pos_initial = 3.791846948817065
y_pos_initial = 39.49952572587
z_pos_initial = 9.383491510011874
x_vel_initial = 0.8336133430927362
y_vel_initial = -8.982356436298662
z_vel_initial = 3.813712675787386
num_bounces = 2
