gravity = 10.0
x_pos_initial = 33.55272553164031
y_pos_initial = 55.330679339796774
z_pos_initial = 26.84389575057813
x_vel_initial = -0.051440180660643264
y_vel_initial = 4.58503929348994
z_vel_initial = 3.356868280318217