gravity = 0.5
x_pos_initial = 66.4951004608437
y_pos_initial = 86.55344469355931
z_pos_initial = 18.77305223238716
x_vel_initial = -3.2089412819290217
y_vel_initial = -9.748395997426778
z_vel_initial = -1.0506341356839641