gravity = 0.0
x_pos_initial = 45.09009358724995
y_pos_initial = 82.25875000350187
z_pos_initial = 32.00718666645302
x_vel_initial = 7.245813529007872
y_vel_initial = -0.17012151657220187
z_vel_initial = 4.301322421114893
num_bounces = 2
