gravity = 0.0
x_pos_initial = 32.19488793263893
y_pos_initial = 62.55536625232056
z_pos_initial = 86.35318700806857
x_vel_initial = -6.318724153709377
y_vel_initial = -7.748018106263974
z_vel_initial = 5.055512407382233
num_bounces = 3
