gravity = 0.5
x_pos_initial = 76.1435190883564
y_pos_initial = 42.37528300176956
z_pos_initial = 48.52500650851342
x_vel_initial = -6.394772162458219
y_vel_initial = -5.446650942071148
z_vel_initial = -5.395702260088184