gravity = 0.0
x_pos_initial = 20.82525070320435
y_pos_initial = 43.11866502985155
z_pos_initial = 5.810460699752807
x_vel_initial = -7.779515354892601
y_vel_initial = 0.886103359101817
z_vel_initial = -2.4985000317785717