gravity = 0.0
x_pos_initial = 86.64641208746966
y_pos_initial = 73.85927142441051
z_pos_initial = 91.4287984410272
x_vel_initial = -2.3254630420965023
y_vel_initial = 3.016446978217573
z_vel_initial = 1.8166362124617415