gravity = 10.0
x_pos_initial = 27.250571061054725
y_pos_initial = 59.81171564647951
z_pos_initial = 48.51109779911968
x_vel_initial = 3.3903123125843546
y_vel_initial = -3.3098214344046006
z_vel_initial = 7.1163545564442146