gravity = 10.0
x_pos_initial = 33.795318214316346
y_pos_initial = 53.5989824925573
z_pos_initial = 37.22676573884298
x_vel_initial = 4.511509713472629
y_vel_initial = -7.114718661447652
z_vel_initial = 7.926011071109279
num_bounces = 7
