gravity = 10.0
x_pos_initial = 81.47803407471123
y_pos_initial = 16.804763004262092
z_pos_initial = 4.7571845987825085
x_vel_initial = 4.255509130594234
y_vel_initial = -9.214621845862778
z_vel_initial = -1.0208054081119524
num_bounces = 5
