gravity = 0.5
x_pos_initial = 90.85058096486449
y_pos_initial = 24.817770473018374
z_pos_initial = 70.99639148865
x_vel_initial = -1.9142828892853334
y_vel_initial = 6.8632746914723874
z_vel_initial = 4.872356148074605
num_bounces = 16
