gravity = 10.0
x_pos_initial = 20.867982127958772
y_pos_initial = 81.49315638276973
z_pos_initial = 25.879089274958844
x_vel_initial = 1.5014222019835302
y_vel_initial = 1.4305876964667004
z_vel_initial = 9.81403481846628