gravity = 0.5
x_pos_initial = 72.38501835560224
y_pos_initial = 70.42746718227684
z_pos_initial = 18.50166369875553
x_vel_initial = 8.659483060259614
y_vel_initial = 6.560672101930553
z_vel_initial = 6.667386679119936
num_bounces = 23
