gravity = 0.0
x_pos_initial = 39.65735540417955
y_pos_initial = 95.49528946538634
z_pos_initial = 72.07388325264304
x_vel_initial = -9.779990994650602
y_vel_initial = 4.077387434128276
z_vel_initial = 4.46981467251128