gravity = 0.5
x_pos_initial = 90.0306883444146
y_pos_initial = 53.38050629386283
z_pos_initial = 89.30714309451874
x_vel_initial = -2.08554162530109
y_vel_initial = -4.751637971426164
z_vel_initial = -5.654133227258386