gravity = 0.0
x_pos_initial = 74.90691154654698
y_pos_initial = 42.79719857098208
z_pos_initial = 74.85784601480653
x_vel_initial = -3.3104480122858044
y_vel_initial = 3.124597093629456
z_vel_initial = -8.358656994000533