gravity = 0.0
x_pos_initial = 44.403114741264005
y_pos_initial = 28.703019725003195
z_pos_initial = 23.872072243780103
x_vel_initial = 1.3026891293119647
y_vel_initial = -6.0893316372904405
z_vel_initial = 5.682636031050402
num_bounces = 2
