gravity = 10.0
x_pos_initial = 72.36447575938801
y_pos_initial = 67.12385803638372
z_pos_initial = 63.370935197461726
x_vel_initial = 9.722630841107655
y_vel_initial = 5.576837011990989
z_vel_initial = -3.1880802139250983
num_bounces = 8
