gravity = 0.5
x_pos_initial = 53.03392710971855
y_pos_initial = 40.58328149326347
z_pos_initial = 84.42177048043398
x_vel_initial = -0.08258089841852012
y_vel_initial = -1.9059607601249926
z_vel_initial = -8.502455187659695
num_bounces = 21
