gravity = 0.0
x_pos_initial = 99.4672981095914
y_pos_initial = 86.65044793926833
z_pos_initial = 85.63932714213877
x_vel_initial = 7.951258725999022
y_vel_initial = -6.060256344830804
z_vel_initial = 9.400426172529897
num_bounces = 5
