gravity = 10.0
x_pos_initial = 82.164962241823
y_pos_initial = 4.680156573625522
z_pos_initial = 3.104891925680147
x_vel_initial = -7.928593168265085
y_vel_initial = 2.1672360646504796
z_vel_initial = 4.509386170896958