gravity = 0.0
x_pos_initial = 12.007163557830252
y_pos_initial = 23.999336925767558
z_pos_initial = 87.03599706382145
x_vel_initial = 4.520510334482825
y_vel_initial = 7.640581043275837
z_vel_initial = 8.642027119932923
num_bounces = 3
