gravity = 0.0
x_pos_initial = 78.9638637452074
y_pos_initial = 89.39010221033197
z_pos_initial = 90.23020947733917
x_vel_initial = -7.613272204203973
y_vel_initial = 0.0323205111848992
z_vel_initial = 9.748233872735753
num_bounces = 3
