gravity = 0.0
x_pos_initial = 86.41219400184441
y_pos_initial = 44.48250604953171
z_pos_initial = 19.14252844172461
x_vel_initial = 2.761543885296547
y_vel_initial = 9.983909574288063
z_vel_initial = 2.67771985702044
num_bounces = 3
