gravity = 0.0
x_pos_initial = 13.415202463984265
y_pos_initial = 6.0356412004369595
z_pos_initial = 16.560029533757557
x_vel_initial = -8.327466933502684
y_vel_initial = 4.600613522402391
z_vel_initial = -9.15070714371878
num_bounces = 4
