gravity = 10.0
x_pos_initial = 53.85849315129152
y_pos_initial = 70.203438609938
z_pos_initial = 12.459490749090662
x_vel_initial = 1.1899932994127909
y_vel_initial = 3.134454776000622
z_vel_initial = 0.7319859989450848