gravity = 0.0
x_pos_initial = 6.838694653685616
y_pos_initial = 32.673554932094824
z_pos_initial = 91.49636384174799
x_vel_initial = 8.683189896591976
y_vel_initial = 1.0006908451327075
z_vel_initial = 3.3692961534557213