gravity = 10.0
x_pos_initial = 1.7512121254264887
y_pos_initial = 52.19543619793017
z_pos_initial = 89.1944950085033
x_vel_initial = 6.378376762854611
y_vel_initial = -5.246621467834242
z_vel_initial = -1.9414243417570152
num_bounces = 6
