gravity = 0.5
x_pos_initial = 10.887363626910105
y_pos_initial = 19.143990903730685
z_pos_initial = 71.98005701841936
x_vel_initial = -5.328707603717484
y_vel_initial = -1.745030753052788
z_vel_initial = 8.07275982066955
num_bounces = 18
