gravity = 10.0
x_pos_initial = 27.75391907343097
y_pos_initial = 22.769759639791953
z_pos_initial = 40.601944026893875
x_vel_initial = 3.2274919207312394
y_vel_initial = 8.226236378823963
z_vel_initial = -1.3879799398822907
num_bounces = 3
