gravity = 0.0
x_pos_initial = 10.257972717581534
y_pos_initial = 63.77781382504138
z_pos_initial = 11.68438548706086
x_vel_initial = -6.50412782197882
y_vel_initial = 1.9429046671616064
z_vel_initial = 1.1313773811290844