gravity = 0.5
x_pos_initial = 13.935687952184406
y_pos_initial = 37.45840482610834
z_pos_initial = 45.00206554031704
x_vel_initial = -5.895947234170422
y_vel_initial = -6.730512912073877
z_vel_initial = 8.215619894241641