gravity = 0.0
x_pos_initial = 25.673194473939073
y_pos_initial = 76.39440936852134
z_pos_initial = 35.49243274924221
x_vel_initial = 7.081933555351416
y_vel_initial = -1.900279481759119
z_vel_initial = 7.032764690297057
num_bounces = 2
