gravity = 10.0
x_pos_initial = 13.088223065267922
y_pos_initial = 18.60538910913807
z_pos_initial = 38.54181042917188
x_vel_initial = -2.93896565082942
y_vel_initial = 3.0908846705713398
z_vel_initial = 9.936171590779775