gravity = 0.0
x_pos_initial = 71.8028901417981
y_pos_initial = 97.05668204915011
z_pos_initial = 45.72123279511312
x_vel_initial = 6.340852090497894
y_vel_initial = 7.454280149966234
z_vel_initial = -2.3518925265780055