gravity = 0.0
x_pos_initial = 2.736524160573
y_pos_initial = 81.73605959849911
z_pos_initial = 39.918706189678375
x_vel_initial = 0.11248522972586272
y_vel_initial = 7.03895514545556
z_vel_initial = 4.548764592662323
num_bounces = 3
