gravity = 0.0
x_pos_initial = 74.1016442302623
y_pos_initial = 21.84762158634323
z_pos_initial = 91.40003523203099
x_vel_initial = 3.686494148144943
y_vel_initial = 8.96178134872865
z_vel_initial = 1.4289063684277181
num_bounces = 3
