gravity = 0.5
x_pos_initial = 60.412032241413094
y_pos_initial = 61.530500099564485
z_pos_initial = 76.13865154289256
x_vel_initial = 2.685159975435015
y_vel_initial = -7.736019321577053
z_vel_initial = 9.737477475812728
num_bounces = 21
