gravity = 10.0
x_pos_initial = 33.03574648696689
y_pos_initial = 91.95184417212607
z_pos_initial = 1.5048178400698609
x_vel_initial = 1.6155829591120714
y_vel_initial = 5.2988177164425085
z_vel_initial = -1.35247855418128