gravity = 0.0
x_pos_initial = 43.26308350478192
y_pos_initial = 27.64583754813966
z_pos_initial = 75.98468928831974
x_vel_initial = -4.7294381688279366
y_vel_initial = -8.894652610664018
z_vel_initial = -6.964502277378151