gravity = 0.0
x_pos_initial = 15.492239603191923
y_pos_initial = 53.99483391627089
z_pos_initial = 6.894376458424421
x_vel_initial = 6.172036890759923
y_vel_initial = -1.7219920161398576
z_vel_initial = 5.151382957138361
num_bounces = 1
