gravity = 10.0
x_pos_initial = 83.98104168435442
y_pos_initial = 37.653447127501636
z_pos_initial = 41.64522556072421
x_vel_initial = -2.512202899132282
y_vel_initial = -4.886610697734857
z_vel_initial = 5.229694963954877