gravity = 0.0
x_pos_initial = 18.605197031224886
y_pos_initial = 85.46613586926885
z_pos_initial = 5.969010563548805
x_vel_initial = 0.21924258551662135
y_vel_initial = -5.414438200456474
z_vel_initial = -6.58846674887222