gravity = 10.0
x_pos_initial = 76.81140768971483
y_pos_initial = 50.217325298179176
z_pos_initial = 33.36841528340646
x_vel_initial = -3.441116027739774
y_vel_initial = -4.64604345009779
z_vel_initial = 2.685796644803471
num_bounces = 5
