gravity = 0.5
x_pos_initial = 26.78386311587316
y_pos_initial = 95.51044112416753
z_pos_initial = 75.73537735123463
x_vel_initial = -1.4080216647068902
y_vel_initial = -0.818655925289697
z_vel_initial = 1.566935743759629
num_bounces = 20
