gravity = 0.5
x_pos_initial = 21.624497487954894
y_pos_initial = 79.19512484262147
z_pos_initial = 12.46399797826711
x_vel_initial = 2.12472259291102
y_vel_initial = -0.3247961564011064
z_vel_initial = 6.184263815664707