gravity = 0.0
x_pos_initial = 54.78516260317858
y_pos_initial = 34.45592181043371
z_pos_initial = 82.13268992100201
x_vel_initial = -3.3981149118035843
y_vel_initial = 7.430131211355551
z_vel_initial = 6.256137535297636
num_bounces = 3
