gravity = 0.0
x_pos_initial = 85.21804197499794
y_pos_initial = 26.222823698950897
z_pos_initial = 76.634039635337
x_vel_initial = 1.3356871780126092
y_vel_initial = 7.737915907670171
z_vel_initial = -4.394087781771341