gravity = 0.5
x_pos_initial = 62.470683124471805
y_pos_initial = 63.185867567606415
z_pos_initial = 14.56956002006417
x_vel_initial = -7.350329174347959
y_vel_initial = 8.199697208404078
z_vel_initial = -4.133582851980538
num_bounces = 19
