gravity = 0.0
x_pos_initial = 20.18626306216543
y_pos_initial = 97.0325204104448
z_pos_initial = 84.71264416605374
x_vel_initial = -0.9363171732325632
y_vel_initial = -6.211922281810281
z_vel_initial = -4.242017523534635
num_bounces = 1
