gravity = 0.0
x_pos_initial = 3.0139685664061555
y_pos_initial = 26.25161870521084
z_pos_initial = 90.16033562828963
x_vel_initial = 2.503046001095848
y_vel_initial = -8.640689686341643
z_vel_initial = -5.534233568774251
num_bounces = 3
