gravity = 0.0
x_pos_initial = 40.87489137356832
y_pos_initial = 24.715267282888654
z_pos_initial = 94.69437357610394
x_vel_initial = 4.612369558369833
y_vel_initial = 4.328725869209087
z_vel_initial = -2.448065511007452
num_bounces = 2
