gravity = 0.0
x_pos_initial = 93.25603831779695
y_pos_initial = 83.16159616737109
z_pos_initial = 94.97173163890115
x_vel_initial = 1.7259073323961474
y_vel_initial = 7.567375047676951
z_vel_initial = -0.6889479343700664
num_bounces = 3
