gravity = 0.0
x_pos_initial = 90.41672705088891
y_pos_initial = 99.43924488003819
z_pos_initial = 90.53604512560617
x_vel_initial = 4.894271835494408
y_vel_initial = -0.7166004939607351
z_vel_initial = 2.577195890262775
num_bounces = 2
