gravity = 10.0
x_pos_initial = 54.08256270322398
y_pos_initial = 72.6939046073128
z_pos_initial = 29.9292720681012
x_vel_initial = 9.676328494080352
y_vel_initial = 3.461236511994649
z_vel_initial = 8.80044718571327
num_bounces = 9
