gravity = 10.0
x_pos_initial = 11.454226102236822
y_pos_initial = 26.30838066209883
z_pos_initial = 46.09759569170559
x_vel_initial = -4.371527696546856
y_vel_initial = 7.619900287757336
z_vel_initial = -7.210938425839605