gravity = 0.0
x_pos_initial = 42.2020194315002
y_pos_initial = 6.799298037148052
z_pos_initial = 76.68860203824437
x_vel_initial = -5.507377357589775
y_vel_initial = -4.258467027162788
z_vel_initial = 6.153870441337066
num_bounces = 3
