gravity = 10.0
x_pos_initial = 44.31809140726608
y_pos_initial = 16.96533922727153
z_pos_initial = 3.0991481199746564
x_vel_initial = -4.244490201646645
y_vel_initial = -1.5461566439594847
z_vel_initial = -9.52040320751606