gravity = 0.5
x_pos_initial = 71.0573174556566
y_pos_initial = 90.31485186207823
z_pos_initial = 46.26072830233849
x_vel_initial = -1.2612252918791995
y_vel_initial = -9.434212393409974
z_vel_initial = -8.830520794892637
num_bounces = 17
