gravity = 10.0
x_pos_initial = 18.60601695394003
y_pos_initial = 91.16718937965703
z_pos_initial = 54.41093774846049
x_vel_initial = 4.18529500212639
y_vel_initial = -9.602233575457674
z_vel_initial = 9.55053270336554
num_bounces = 6
