gravity = 0.0
x_pos_initial = 83.75494736438985
y_pos_initial = 70.83644772878404
z_pos_initial = 33.41094556652222
x_vel_initial = -0.8536577604793703
y_vel_initial = -5.4786144692241665
z_vel_initial = -2.298458961904779
num_bounces = 2
