gravity = 10.0
x_pos_initial = 97.89132135154539
y_pos_initial = 89.8468223651918
z_pos_initial = 43.09827493651677
x_vel_initial = -2.4815693712686278
y_vel_initial = 7.188862420421806
z_vel_initial = -6.675683976726063
num_bounces = 7
