gravity = 0.0
x_pos_initial = 37.74050942416573
y_pos_initial = 96.06622908633202
z_pos_initial = 95.06943939999091
x_vel_initial = -3.257776027882593
y_vel_initial = 5.762683725432291
z_vel_initial = 8.026525726599061