gravity = 0.5
x_pos_initial = 23.936575385625495
y_pos_initial = 83.97612432376006
z_pos_initial = 24.94562260757421
x_vel_initial = -8.771515440378394
y_vel_initial = 6.484706072540082
z_vel_initial = 8.005128320063786