gravity = 10.0
x_pos_initial = 19.222181986653585
y_pos_initial = 39.25430370296947
z_pos_initial = 14.198491148179016
x_vel_initial = 8.807322228328271
y_vel_initial = -7.39349653503929
z_vel_initial = -7.09729407678698