gravity = 0.0
x_pos_initial = 76.71786761374202
y_pos_initial = 60.37144911676
z_pos_initial = 18.32190671940405
x_vel_initial = -6.484967272686555
y_vel_initial = -4.355756760879206
z_vel_initial = -2.428235837428666