gravity = 10.0
x_pos_initial = 19.488815013058495
y_pos_initial = 65.45967190118138
z_pos_initial = 14.631330866613906
x_vel_initial = -2.768687206343607
y_vel_initial = 4.272751926890633
z_vel_initial = 2.7594872889060937
num_bounces = 7
