gravity = 0.0
x_pos_initial = 17.617261134576243
y_pos_initial = 65.29504177105979
z_pos_initial = 62.02356134544584
x_vel_initial = 9.966638100588842
y_vel_initial = 0.04611901430569709
z_vel_initial = 4.98863253631634
num_bounces = 2
