gravity = 0.0
x_pos_initial = 94.4621431245313
y_pos_initial = 15.598238482473032
z_pos_initial = 24.870110865014425
x_vel_initial = -5.1027489758278985
y_vel_initial = 4.63758059277704
z_vel_initial = -2.014985038272971
num_bounces = 1
