gravity = 0.0
x_pos_initial = 83.6067648147265
y_pos_initial = 89.49593471385815
z_pos_initial = 61.541954882342075
x_vel_initial = 0.06482883866337907
y_vel_initial = -7.418857656381654
z_vel_initial = -2.6786545970483004