gravity = 10.0
x_pos_initial = 34.030048645069314
y_pos_initial = 94.51749418827009
z_pos_initial = 36.941600070519975
x_vel_initial = -1.761831278190023
y_vel_initial = -8.363991491500041
z_vel_initial = 9.936990251211821
num_bounces = 5
