gravity = 0.0
x_pos_initial = 89.3535828747842
y_pos_initial = 39.54369611379483
z_pos_initial = 5.1542012218960975
x_vel_initial = 0.30075945638582624
y_vel_initial = 7.194286822318464
z_vel_initial = -9.75299518665228