gravity = 0.5
x_pos_initial = 42.18682278757064
y_pos_initial = 77.55394446396186
z_pos_initial = 98.036838243443
x_vel_initial = 2.7177872826261193
y_vel_initial = 2.1385622482711852
z_vel_initial = 0.8612977029422506
num_bounces = 20
