gravity = 10.0
x_pos_initial = 11.85466819952802
y_pos_initial = 26.217145896163625
z_pos_initial = 94.4873749307871
x_vel_initial = -1.569494407230282
y_vel_initial = 4.719773645039988
z_vel_initial = -6.382024732358796
num_bounces = 5
