gravity = 0.0
x_pos_initial = 96.06071062324729
y_pos_initial = 70.83440360865315
z_pos_initial = 99.4120965836415
x_vel_initial = 6.507542738986469
y_vel_initial = 3.298155920888215
z_vel_initial = -4.630116452936594
num_bounces = 3
