gravity = 0.0
x_pos_initial = 44.8114211139494
y_pos_initial = 92.12664721913205
z_pos_initial = 12.053232039918605
x_vel_initial = -1.600661955763501
y_vel_initial = -4.713733973264244
z_vel_initial = -7.718617680701351