gravity = 0.0
x_pos_initial = 33.65795890025626
y_pos_initial = 35.15699971369424
z_pos_initial = 57.12012530157693
x_vel_initial = -0.9563182282971017
y_vel_initial = 1.9978532459245315
z_vel_initial = -7.437865635695598