gravity = 10.0
x_pos_initial = 47.08350223100031
y_pos_initial = 78.75114638367529
z_pos_initial = 88.0603541095807
x_vel_initial = 9.077540443460311
y_vel_initial = 7.207299674616888
z_vel_initial = 8.399849043621693