gravity = 0.5
x_pos_initial = 76.76467491737685
y_pos_initial = 18.80419398382286
z_pos_initial = 79.99600826728665
x_vel_initial = -2.9871587493079454
y_vel_initial = 0.14031548153765527
z_vel_initial = 4.354260375376748