gravity = 0.5
x_pos_initial = 56.28544614992809
y_pos_initial = 72.24808170558124
z_pos_initial = 52.626992026792045
x_vel_initial = -8.363927108541308
y_vel_initial = 2.748426121026837
z_vel_initial = 8.128428695435833
num_bounces = 21
