gravity = 0.5
x_pos_initial = 55.27414492048124
y_pos_initial = 2.016555800288934
z_pos_initial = 38.022321100224865
x_vel_initial = 0.6827871551090681
y_vel_initial = 2.9412613403451253
z_vel_initial = -8.848432449996022
num_bounces = 7
