gravity = 0.0
x_pos_initial = 82.92842291316735
y_pos_initial = 81.23473583409314
z_pos_initial = 30.341829216753673
x_vel_initial = 2.7808160956091257
y_vel_initial = -6.845130551565838
z_vel_initial = -6.6703686002871105