gravity = 10.0
x_pos_initial = 39.23914657053023
y_pos_initial = 5.769009364606135
z_pos_initial = 92.86309442877769
x_vel_initial = -7.210739871750725
y_vel_initial = 3.0991302694906295
z_vel_initial = -6.005040339370597