gravity = 0.0
x_pos_initial = 33.70641227013977
y_pos_initial = 70.54728315924345
z_pos_initial = 98.62384002043783
x_vel_initial = 4.423415193278856
y_vel_initial = -4.38229757988492
z_vel_initial = -7.493560202858118