gravity = 10.0
x_pos_initial = 73.85620385570923
y_pos_initial = 99.67235424569999
z_pos_initial = 55.61303366479991
x_vel_initial = -4.282207966511102
y_vel_initial = -2.7688004952635064
z_vel_initial = 0.43702825631641495