gravity = 10.0
x_pos_initial = 97.20962680593671
y_pos_initial = 10.590909501157288
z_pos_initial = 5.692229226222184
x_vel_initial = -2.5907543246247293
y_vel_initial = 7.5827973430098154
z_vel_initial = 6.286355521002633
num_bounces = 4
