gravity = 0.0
x_pos_initial = 88.03142987997327
y_pos_initial = 85.1440314478649
z_pos_initial = 36.99538898812015
x_vel_initial = 8.513978258540764
y_vel_initial = 7.480606729658643
z_vel_initial = -8.213847977554696
num_bounces = 6
