gravity = 0.0
x_pos_initial = 53.44890161247537
y_pos_initial = 57.28547837506067
z_pos_initial = 93.40204842916604
x_vel_initial = -1.5491898572369927
y_vel_initial = 0.051699618081235243
z_vel_initial = 1.345801982526666