gravity = 10.0
x_pos_initial = 45.12465389689034
y_pos_initial = 41.060465867916356
z_pos_initial = 17.76134228602282
x_vel_initial = 3.05677637517951
y_vel_initial = -8.869085018161746
z_vel_initial = -2.5202460230238124