gravity = 0.5
x_pos_initial = 35.487511347453015
y_pos_initial = 9.395255778124767
z_pos_initial = 5.603719306935114
x_vel_initial = 9.90878237216723
y_vel_initial = -7.250840833480839
z_vel_initial = -7.839708693311373