gravity = 0.0
x_pos_initial = 14.183228835561343
y_pos_initial = 50.17384718538042
z_pos_initial = 8.262925779926203
x_vel_initial = 4.336990033449567
y_vel_initial = -6.186016952810768
z_vel_initial = 5.325831320820852