gravity = 0.0
x_pos_initial = 33.86991455273178
y_pos_initial = 47.237229850326706
z_pos_initial = 85.55373313334513
x_vel_initial = -4.644003781151486
y_vel_initial = -3.739924128804507
z_vel_initial = 2.3212728977055335