gravity = 0.0
x_pos_initial = 32.87940486424678
y_pos_initial = 51.21004434033741
z_pos_initial = 25.61638416769782
x_vel_initial = 8.412525451354878
y_vel_initial = 2.111715029144925
z_vel_initial = -2.4455514905873965
num_bounces = 2
