gravity = 0.0
x_pos_initial = 41.556151094282164
y_pos_initial = 12.49216912329013
z_pos_initial = 81.71771583239763
x_vel_initial = -6.972231578563232
y_vel_initial = -4.2274795555414535
z_vel_initial = 6.781490113906312