gravity = 10.0
x_pos_initial = 48.37579119611366
y_pos_initial = 57.63472394211809
z_pos_initial = 70.89425842655321
x_vel_initial = -7.913421894305272
y_vel_initial = 3.9075496224894692
z_vel_initial = -5.78149001962435