gravity = 10.0
x_pos_initial = 52.956738708842146
y_pos_initial = 30.686063010435173
z_pos_initial = 81.96854595935932
x_vel_initial = 4.215933250891096
y_vel_initial = 1.3258976984474344
z_vel_initial = 4.9611966757790285
num_bounces = 7
