gravity = 0.5
x_pos_initial = 66.96483501482616
y_pos_initial = 77.03731854801048
z_pos_initial = 63.173890091775654
x_vel_initial = 2.305112186676233
y_vel_initial = 1.315351546596517
z_vel_initial = 3.9388780623400077
num_bounces = 21
