gravity = 0.0
x_pos_initial = 46.52884161134346
y_pos_initial = 32.65311233271794
z_pos_initial = 66.38217609983298
x_vel_initial = 1.3448887542172994
y_vel_initial = -6.572025342741918
z_vel_initial = -6.056231730721576
num_bounces = 2
