gravity = 10.0
x_pos_initial = 60.58989837823805
y_pos_initial = 49.096804907326906
z_pos_initial = 12.676569731677791
x_vel_initial = -5.599875069273256
y_vel_initial = -5.4992582723134165
z_vel_initial = 8.0301054721491