gravity = 0.0
x_pos_initial = 12.102137049504918
y_pos_initial = 32.041380323908264
z_pos_initial = 7.73371084017958
x_vel_initial = -8.642304597330506
y_vel_initial = 2.6678555411195237
z_vel_initial = 9.57928228321667
num_bounces = 3
