gravity = 0.5
x_pos_initial = 13.625689737594266
y_pos_initial = 87.6102215882244
z_pos_initial = 27.734916691592705
x_vel_initial = -2.297349536903962
y_vel_initial = -8.667566909065082
z_vel_initial = 6.313279460374822