gravity = 0.0
x_pos_initial = 27.724346124620194
y_pos_initial = 96.8275663365724
z_pos_initial = 89.42953748893363
x_vel_initial = -2.764597218285207
y_vel_initial = -1.4530441919503492
z_vel_initial = 3.4225101771833337
num_bounces = 2
