gravity = 0.5
x_pos_initial = 99.92900251930448
y_pos_initial = 10.28371267940231
z_pos_initial = 96.16342368361803
x_vel_initial = 5.925084084236898
y_vel_initial = 0.07721080809523073
z_vel_initial = -8.706679877452963