gravity = 0.5
x_pos_initial = 79.80091180059117
y_pos_initial = 33.473000491906596
z_pos_initial = 42.792120484669574
x_vel_initial = 6.031133411696381
y_vel_initial = -4.973529599040872
z_vel_initial = -6.841984778887198