gravity = 0.0
x_pos_initial = 13.632966989740392
y_pos_initial = 2.904857911067498
z_pos_initial = 24.42202270830586
x_vel_initial = 2.642020749345578
y_vel_initial = -8.870153048748778
z_vel_initial = 0.5184629217813175
num_bounces = 2
