gravity = 10.0
x_pos_initial = 95.71855793084171
y_pos_initial = 6.554885275492687
z_pos_initial = 13.74905817056226
x_vel_initial = 9.45149893503644
y_vel_initial = -2.3455156331823694
z_vel_initial = -2.210638367712698
num_bounces = 4
