gravity = 0.5
x_pos_initial = 56.50754115299319
y_pos_initial = 23.223311388262687
z_pos_initial = 6.616426788697275
x_vel_initial = 3.059172462901527
y_vel_initial = -8.76894166161527
z_vel_initial = 1.4913479859508598
num_bounces = 15
