gravity = 0.0
x_pos_initial = 25.852045252828017
y_pos_initial = 62.5212230869993
z_pos_initial = 1.3708874224233887
x_vel_initial = -6.160607766415097
y_vel_initial = 7.028649468797564
z_vel_initial = -4.804673799785135
num_bounces = 3
