gravity = 0.0
x_pos_initial = 95.12765982382572
y_pos_initial = 82.61988678971461
z_pos_initial = 84.68940770847762
x_vel_initial = -7.159245734566207
y_vel_initial = 4.32198376405897
z_vel_initial = -9.419514519747146
num_bounces = 3
