gravity = 0.0
x_pos_initial = 5.863274610882713
y_pos_initial = 83.69824396443025
z_pos_initial = 16.2589191370437
x_vel_initial = 3.216659099139413
y_vel_initial = -8.596209933130048
z_vel_initial = -9.844159076906806
num_bounces = 3
