gravity = 0.5
x_pos_initial = 89.14717566883158
y_pos_initial = 25.15644973192668
z_pos_initial = 66.53281985821478
x_vel_initial = -8.730819459280305
y_vel_initial = -4.695191418112675
z_vel_initial = 7.161845813697333
num_bounces = 15
