gravity = 0.0
x_pos_initial = 63.74377416177483
y_pos_initial = 87.44082518739442
z_pos_initial = 10.941299974788201
x_vel_initial = -3.8191022317487047
y_vel_initial = 7.5283461330848205
z_vel_initial = 3.104854693486814