gravity = 0.5
x_pos_initial = 52.149017506040124
y_pos_initial = 32.05889001988641
z_pos_initial = 17.800456925778434
x_vel_initial = -2.7745182485455793
y_vel_initial = 3.988508115941892
z_vel_initial = -2.0894225929688144