gravity = 10.0
x_pos_initial = 66.39458815057606
y_pos_initial = 0.7606408156694622
z_pos_initial = 0.8788098987766969
x_vel_initial = 9.644245693668317
y_vel_initial = 3.007789405384967
z_vel_initial = -0.29046500998208913