gravity = 0.0
x_pos_initial = 17.22875977677261
y_pos_initial = 5.739747562788228
z_pos_initial = 69.70280265415457
x_vel_initial = 4.474427493634387
y_vel_initial = -5.887666887142917
z_vel_initial = -1.131969080769549