gravity = 10.0
x_pos_initial = 12.959112221527619
y_pos_initial = 85.62602154417047
z_pos_initial = 89.90307820046249
x_vel_initial = 8.707755970325739
y_vel_initial = 5.805061597285892
z_vel_initial = 3.1160190613129686