gravity = 0.5
x_pos_initial = 49.71116680684279
y_pos_initial = 76.92894751726733
z_pos_initial = 62.53260677499352
x_vel_initial = -3.2489896716181415
y_vel_initial = 9.01992878107368
z_vel_initial = -6.710357841002707
num_bounces = 23
