gravity = 10.0
x_pos_initial = 83.93917439637913
y_pos_initial = 14.408432213814315
z_pos_initial = 31.17286043733542
x_vel_initial = 1.773166232160797
y_vel_initial = -4.944161305133622
z_vel_initial = 5.705369339564109
num_bounces = 5
