gravity = 10.0
x_pos_initial = 7.3317183036281754
y_pos_initial = 36.65481797688255
z_pos_initial = 61.59775577521765
x_vel_initial = -0.4415169621451849
y_vel_initial = 0.6718033728848951
z_vel_initial = 7.062040878514946