gravity = 0.0
x_pos_initial = 58.936366539145155
y_pos_initial = 73.0791415785947
z_pos_initial = 60.29384900061851
x_vel_initial = 9.995537998925514
y_vel_initial = 4.349742905773326
z_vel_initial = -1.3022643817350676