gravity = 0.0
x_pos_initial = 86.27883178954492
y_pos_initial = 7.984352602608521
z_pos_initial = 99.28729332244319
x_vel_initial = 9.7869217800372
y_vel_initial = -4.77387706355826
z_vel_initial = -3.4040280432334704