gravity = 0.5
x_pos_initial = 23.495536845935963
y_pos_initial = 75.61408727599857
z_pos_initial = 19.781853751405883
x_vel_initial = 7.09315644307031
y_vel_initial = 5.084886268022117
z_vel_initial = 1.764521645723148