gravity = 10.0
x_pos_initial = 85.95322884138588
y_pos_initial = 6.506846288631131
z_pos_initial = 56.66245789522645
x_vel_initial = 9.587457929974025
y_vel_initial = 2.979542540029753
z_vel_initial = 7.293386415000953