gravity = 0.0
x_pos_initial = 43.339690491848884
y_pos_initial = 47.10062476724831
z_pos_initial = 54.51506035485813
x_vel_initial = -3.5880075932270525
y_vel_initial = -8.287192239914669
z_vel_initial = 0.1904555218731776