gravity = 10.0
x_pos_initial = 74.27522789585187
y_pos_initial = 38.1895509858864
z_pos_initial = 35.93327510467416
x_vel_initial = 5.860920861091529
y_vel_initial = 5.5523067727979
z_vel_initial = 8.229166908404093
num_bounces = 7
