gravity = 0.5
x_pos_initial = 73.40011753661206
y_pos_initial = 78.29281468173849
z_pos_initial = 91.6167503851993
x_vel_initial = -7.41150423392243
y_vel_initial = 7.39358462176703
z_vel_initial = -6.151445358431033
num_bounces = 23
