gravity = 0.5
x_pos_initial = 75.98099666099431
y_pos_initial = 52.095558723464386
z_pos_initial = 28.39308223742494
x_vel_initial = -3.8931048059099247
y_vel_initial = -3.6031861092252857
z_vel_initial = -0.07115503783137278
num_bounces = 20
