gravity = 10.0
x_pos_initial = 21.903683884430528
y_pos_initial = 58.96480893578431
z_pos_initial = 42.7515767766149
x_vel_initial = 1.8703846164862785
y_vel_initial = -8.043128192258347
z_vel_initial = 4.150466494816806
num_bounces = 6
