gravity = 10.0
x_pos_initial = 76.3383028729167
y_pos_initial = 6.263593391115597
z_pos_initial = 28.81577066187215
x_vel_initial = 6.789508327715247
y_vel_initial = 0.20823789995451847
z_vel_initial = -2.731514636195909
num_bounces = 3
