gravity = 0.0
x_pos_initial = 38.062259984887866
y_pos_initial = 69.08584586677546
z_pos_initial = 88.6624739096887
x_vel_initial = 6.529821077818848
y_vel_initial = 5.437438101038422
z_vel_initial = 4.576228258329383
num_bounces = 3
