gravity = 10.0
x_pos_initial = 62.030577568058355
y_pos_initial = 43.345253524227125
z_pos_initial = 66.33852788356131
x_vel_initial = 6.27047489859353
y_vel_initial = -4.280391421040757
z_vel_initial = -6.141555881461006
num_bounces = 7
