gravity = 10.0
x_pos_initial = 74.7721724879086
y_pos_initial = 53.182679116138544
z_pos_initial = 12.218354524157688
x_vel_initial = 2.1482469164597404
y_vel_initial = -4.16056465561989
z_vel_initial = -9.02403896322133
num_bounces = 8
