gravity = 0.0
x_pos_initial = 70.4830602147115
y_pos_initial = 93.05347286336098
z_pos_initial = 53.46255724788528
x_vel_initial = 4.493508848837278
y_vel_initial = -7.340160706788225
z_vel_initial = -1.6188003492421164
num_bounces = 2
