gravity = 0.0
x_pos_initial = 53.3559937242295
y_pos_initial = 21.876686775945927
z_pos_initial = 37.762412889024624
x_vel_initial = 2.7936932035429916
y_vel_initial = 9.714626556741372
z_vel_initial = -6.192733521388622
num_bounces = 3
