gravity = 0.5
x_pos_initial = 82.45278740535076
y_pos_initial = 26.833096882089414
z_pos_initial = 6.29339980078492
x_vel_initial = 3.592540985089549
y_vel_initial = 9.088751987130507
z_vel_initial = 7.232426823830021