gravity = 0.0
x_pos_initial = 11.820761786096382
y_pos_initial = 1.2553072992473315
z_pos_initial = 88.7725895623033
x_vel_initial = -6.020980568623136
y_vel_initial = -6.832248408408253
z_vel_initial = 1.5012306536078057