gravity = 0.5
x_pos_initial = 18.014542867002394
y_pos_initial = 78.22675490845782
z_pos_initial = 17.621392160488902
x_vel_initial = 8.924810820862557
y_vel_initial = -3.419107186054881
z_vel_initial = -8.033016452102054
num_bounces = 24
