gravity = 0.5
x_pos_initial = 35.13481350531576
y_pos_initial = 52.441304362059896
z_pos_initial = 70.04490928781128
x_vel_initial = 4.495607392079689
y_vel_initial = -2.5166629817806605
z_vel_initial = -6.078534629332956
num_bounces = 23
