gravity = 0.5
x_pos_initial = 50.07226426649388
y_pos_initial = 5.808898039668636
z_pos_initial = 85.02575735275643
x_vel_initial = 4.533766378770933
y_vel_initial = -9.907685043121033
z_vel_initial = 5.709080319364677