gravity = 10.0
x_pos_initial = 95.16525558832194
y_pos_initial = 41.745314364464555
z_pos_initial = 31.102070423977953
x_vel_initial = 7.0996106913976895
y_vel_initial = -8.309596510030872
z_vel_initial = 2.2559553612390086