gravity = 0.0
x_pos_initial = 49.32150589563863
y_pos_initial = 68.59409760564168
z_pos_initial = 74.77284110437714
x_vel_initial = -4.979782359931338
y_vel_initial = 4.729950110224081
z_vel_initial = -4.013560212303932