gravity = 10.0
x_pos_initial = 81.8039922606347
y_pos_initial = 29.821124559679486
z_pos_initial = 54.50887927888652
x_vel_initial = 0.9283572757043626
y_vel_initial = -2.1711114355293004
z_vel_initial = 2.9445803169106437