gravity = 0.0
x_pos_initial = 98.61539709043505
y_pos_initial = 12.57208623947792
z_pos_initial = 62.8738950067903
x_vel_initial = 2.0214067960919326
y_vel_initial = 4.6351723121215915
z_vel_initial = -9.220061142830966