gravity = 0.0
x_pos_initial = 15.977599275502131
y_pos_initial = 29.117149243538627
z_pos_initial = 83.17728113562572
x_vel_initial = 4.57270603110724
y_vel_initial = 7.185626200602211
z_vel_initial = 6.029751566280012
num_bounces = 2
