gravity = 0.0
x_pos_initial = 51.21395194203034
y_pos_initial = 45.193909293414805
z_pos_initial = 72.23822794359619
x_vel_initial = 2.947960050882031
y_vel_initial = -3.13015109963556
z_vel_initial = -4.909109347329791
num_bounces = 3
