gravity = 0.5
x_pos_initial = 44.211197579730985
y_pos_initial = 55.79214700467271
z_pos_initial = 72.55895057678347
x_vel_initial = 8.735488213481872
y_vel_initial = 8.94978417684386
z_vel_initial = 5.174294418122418