gravity = 0.0
x_pos_initial = 64.40195701945443
y_pos_initial = 94.03732962333993
z_pos_initial = 6.26124024396391
x_vel_initial = 1.7236291431657804
y_vel_initial = 6.594859753017726
z_vel_initial = 7.126892473439021
num_bounces = 3
