gravity = 0.0
x_pos_initial = 41.84127701449628
y_pos_initial = 83.29803179112862
z_pos_initial = 8.352828648042227
x_vel_initial = -2.3276577467785664
y_vel_initial = -2.2642753822256863
z_vel_initial = 6.62122927550352