gravity = 10.0
x_pos_initial = 7.440733581559069
y_pos_initial = 97.78027832318467
z_pos_initial = 91.86648317542537
x_vel_initial = -6.866851369445264
y_vel_initial = 1.4424079324129497
z_vel_initial = -7.360971076996293
num_bounces = 7
