gravity = 0.5
x_pos_initial = 6.515317136175078
y_pos_initial = 32.60985097195946
z_pos_initial = 7.197820059653166
x_vel_initial = -5.807696559783332
y_vel_initial = -9.374837228581681
z_vel_initial = 5.416580760001507