gravity = 10.0
x_pos_initial = 22.212538219156407
y_pos_initial = 53.70008841694379
z_pos_initial = 92.13524818940624
x_vel_initial = 4.797402190161506
y_vel_initial = 1.9822734734760843
z_vel_initial = 2.2153142955562384
num_bounces = 7
