gravity = 0.0
x_pos_initial = 11.778597208313094
y_pos_initial = 2.6869137725711028
z_pos_initial = 96.58661265148966
x_vel_initial = 5.319853974453682
y_vel_initial = 4.892614259751705
z_vel_initial = -0.7340708208184594