gravity = 0.0
x_pos_initial = 11.746243058118168
y_pos_initial = 84.338745540814
z_pos_initial = 7.432737111118507
x_vel_initial = 8.798117420496606
y_vel_initial = 9.00715590633045
z_vel_initial = 7.19635933673942