gravity = 0.5
x_pos_initial = 89.2284175536312
y_pos_initial = 79.93059467585375
z_pos_initial = 17.20989530263588
x_vel_initial = 3.066709472402316
y_vel_initial = -8.908825057997879
z_vel_initial = -6.218412977561048
num_bounces = 24
