gravity = 10.0
x_pos_initial = 65.9191249916254
y_pos_initial = 47.22313404583182
z_pos_initial = 38.074286027224254
x_vel_initial = -0.40897343316192725
y_vel_initial = 4.828586362749668
z_vel_initial = -4.172727604302652