gravity = 0.0
x_pos_initial = 12.533239814696836
y_pos_initial = 88.03565158672576
z_pos_initial = 36.02604082518611
x_vel_initial = 4.071198497363746
y_vel_initial = 3.1115265490027966
z_vel_initial = -1.3099358618441546
num_bounces = 1
