gravity = 0.0
x_pos_initial = 30.42942612682711
y_pos_initial = 39.822939820909156
z_pos_initial = 61.09050419138143
x_vel_initial = -2.9656855463779292
y_vel_initial = -7.213458452427735
z_vel_initial = -4.350957154624897
num_bounces = 3
