gravity = 0.0
x_pos_initial = 83.97287747341736
y_pos_initial = 45.5652929934167
z_pos_initial = 65.52769343587016
x_vel_initial = -9.420349972710177
y_vel_initial = -8.035243617999091
z_vel_initial = -8.644894486452708
num_bounces = 3
