gravity = 10.0
x_pos_initial = 25.517153222761
y_pos_initial = 4.978158825120139
z_pos_initial = 41.54762589761964
x_vel_initial = -9.388260279657306
y_vel_initial = 4.211911307972313
z_vel_initial = -1.498372504965765
num_bounces = 3
