gravity = 10.0
x_pos_initial = 40.578566805825815
y_pos_initial = 95.4014763116486
z_pos_initial = 37.05353084769942
x_vel_initial = 3.9629476287754137
y_vel_initial = -2.2962088423272515
z_vel_initial = 3.1140895392497594
num_bounces = 7
