gravity = 0.0
x_pos_initial = 15.104444100412708
y_pos_initial = 96.28862475002298
z_pos_initial = 34.828720314040346
x_vel_initial = -2.1230159797360724
y_vel_initial = 0.6730504927812362
z_vel_initial = -0.9185909251946729