gravity = 0.5
x_pos_initial = 64.51093819804011
y_pos_initial = 58.23960837222139
z_pos_initial = 56.93882399432372
x_vel_initial = 5.860466912423954
y_vel_initial = -7.1890108812281
z_vel_initial = -9.948411538829326