gravity = 0.0
x_pos_initial = 70.43141589058875
y_pos_initial = 12.321534728507762
z_pos_initial = 93.28440434079448
x_vel_initial = 3.5721255064757855
y_vel_initial = -2.576680991434987
z_vel_initial = 6.045503532581247