gravity = 0.0
x_pos_initial = 47.54122299791015
y_pos_initial = 6.539506749514782
z_pos_initial = 52.01898684131963
x_vel_initial = -6.36457763194249
y_vel_initial = -1.7987696613329778
z_vel_initial = 7.282767086498158