gravity = 0.0
x_pos_initial = 9.502922386155767
y_pos_initial = 22.062767891423167
z_pos_initial = 93.3211433070812
x_vel_initial = -9.043425572409888
y_vel_initial = 4.218680477134493
z_vel_initial = -3.308764257163463