gravity = 0.0
x_pos_initial = 26.138935065683814
y_pos_initial = 67.46218478188483
z_pos_initial = 22.28306184484883
x_vel_initial = -2.696246477864598
y_vel_initial = -2.944324214394329
z_vel_initial = -5.4669608415436715
num_bounces = 2
