gravity = 0.0
x_pos_initial = 2.792367906491295
y_pos_initial = 44.206843232577114
z_pos_initial = 39.02935931546173
x_vel_initial = 6.788604104542333
y_vel_initial = 3.6325351055083033
z_vel_initial = -2.243577267011636