gravity = 10.0
x_pos_initial = 19.711203425315745
y_pos_initial = 96.69892726640151
z_pos_initial = 52.89915853612935
x_vel_initial = 4.09027604189227
y_vel_initial = -5.402379500238073
z_vel_initial = 4.777212311990787
num_bounces = 5
