gravity = 0.5
x_pos_initial = 50.52713238265922
y_pos_initial = 66.52057914524744
z_pos_initial = 32.61956161194334
x_vel_initial = -8.323172480399636
y_vel_initial = 3.972696605271361
z_vel_initial = -9.088797536278076