gravity = 0.0
x_pos_initial = 6.284983404339673
y_pos_initial = 45.64986308485442
z_pos_initial = 57.93149057036248
x_vel_initial = 5.251378438527723
y_vel_initial = -2.05728499040369
z_vel_initial = -8.581891947045104