gravity = 0.5
x_pos_initial = 80.11052892420595
y_pos_initial = 54.77459081649401
z_pos_initial = 20.194273681597195
x_vel_initial = -7.5202626815262175
y_vel_initial = -1.8471813241616903
z_vel_initial = -1.9421325065337918