gravity = 0.0
x_pos_initial = 40.11795005802602
y_pos_initial = 41.26446881621728
z_pos_initial = 24.740263430211627
x_vel_initial = 6.654175819531307
y_vel_initial = 0.4776256014267837
z_vel_initial = -3.450467436588701