gravity = 10.0
x_pos_initial = 57.7276543370673
y_pos_initial = 29.081828828531126
z_pos_initial = 62.815136643308435
x_vel_initial = 0.8105554577955143
y_vel_initial = 7.219009192277522
z_vel_initial = -1.082759131237374
num_bounces = 5
