gravity = 0.5
x_pos_initial = 82.37373619597174
y_pos_initial = 13.159458420866114
z_pos_initial = 62.66223699046296
x_vel_initial = -5.08157880406398
y_vel_initial = 6.719180408266563
z_vel_initial = 8.284446815100392
num_bounces = 17
