gravity = 0.5
x_pos_initial = 1.7767411557165453
y_pos_initial = 66.67809212940656
z_pos_initial = 97.2189736593036
x_vel_initial = 2.618458134416734
y_vel_initial = -3.7462653151780634
z_vel_initial = 7.191559018290036
num_bounces = 21
