gravity = 0.5
x_pos_initial = 40.55975555223977
y_pos_initial = 84.89067031215366
z_pos_initial = 53.21858639808319
x_vel_initial = -4.7238454895032795
y_vel_initial = 9.263265702124347
z_vel_initial = 2.535880319283109
num_bounces = 18
