gravity = 0.0
x_pos_initial = 20.722833831063788
y_pos_initial = 50.30124499874876
z_pos_initial = 85.87879423647418
x_vel_initial = -7.103341991553638
y_vel_initial = 9.217620456444262
z_vel_initial = 5.478043884336049
num_bounces = 5
