gravity = 0.0
x_pos_initial = 35.58180282689753
y_pos_initial = 99.01782918551027
z_pos_initial = 18.797719298786507
x_vel_initial = 8.561936902016988
y_vel_initial = 5.672665908099837
z_vel_initial = -6.1387761116190145