gravity = 0.0
x_pos_initial = 69.46929147378691
y_pos_initial = 97.7995193918733
z_pos_initial = 95.73276404178061
x_vel_initial = -8.672331123057866
y_vel_initial = -4.6549649980433365
z_vel_initial = 1.5632146100393935