gravity = 0.0
x_pos_initial = 13.142156784463472
y_pos_initial = 97.69594458928769
z_pos_initial = 47.21742775420432
x_vel_initial = -3.4943923683315603
y_vel_initial = 0.5050974197556943
z_vel_initial = -5.196772805484201