gravity = 10.0
x_pos_initial = 62.21380973751815
y_pos_initial = 6.651234572782148
z_pos_initial = 71.2103547984611
x_vel_initial = -4.8963326660337145
y_vel_initial = -6.7536024382256326
z_vel_initial = 6.60731630927495
num_bounces = 4
