gravity = 10.0
x_pos_initial = 71.3869419082756
y_pos_initial = 65.6265672407194
z_pos_initial = 33.82331242660732
x_vel_initial = -3.0897131107408464
y_vel_initial = 7.006466573657317
z_vel_initial = -4.135014371013401
num_bounces = 7
