gravity = 0.0
x_pos_initial = 64.15641744427478
y_pos_initial = 75.83929816583479
z_pos_initial = 8.164093250425289
x_vel_initial = -9.289394171764641
y_vel_initial = -2.793583292170574
z_vel_initial = 1.9060503527524357