gravity = 10.0
x_pos_initial = 65.91160207196187
y_pos_initial = 96.8911893277678
z_pos_initial = 59.604383608269345
x_vel_initial = 9.350198871248853
y_vel_initial = -1.7748490691151364
z_vel_initial = 5.170343308568619