gravity = 10.0
x_pos_initial = 59.257590795219535
y_pos_initial = 4.344510294278721
z_pos_initial = 88.0173330595506
x_vel_initial = 9.947846428366514
y_vel_initial = 5.553088107876176
z_vel_initial = 3.809369696792878