gravity = 0.0
x_pos_initial = 71.74891094534478
y_pos_initial = 50.71380870027816
z_pos_initial = 95.2559024530453
x_vel_initial = -9.767004856823924
y_vel_initial = -1.287264151018439
z_vel_initial = 4.60387782170781
num_bounces = 2
