gravity = 0.5
x_pos_initial = 64.56503002254364
y_pos_initial = 37.71390164725744
z_pos_initial = 81.61604717697483
x_vel_initial = 1.0599287379129088
y_vel_initial = 4.286607797008934
z_vel_initial = -6.824504871627115