gravity = 10.0
x_pos_initial = 24.459376473458754
y_pos_initial = 21.204696924555034
z_pos_initial = 76.32633798664213
x_vel_initial = -1.8704062946409863
y_vel_initial = 8.437652445885249
z_vel_initial = 5.231795290504872
num_bounces = 5
