gravity = 0.0
x_pos_initial = 71.78499542779211
y_pos_initial = 22.74248673782528
z_pos_initial = 76.28234924885524
x_vel_initial = 6.301434851898112
y_vel_initial = -8.052868502475311
z_vel_initial = 5.583596334135439