gravity = 10.0
x_pos_initial = 99.17207670841758
y_pos_initial = 9.283013746487239
z_pos_initial = 95.53933908969069
x_vel_initial = 8.906268773948025
y_vel_initial = 7.748156837873765
z_vel_initial = 0.5253133938029748
num_bounces = 6
