gravity = 0.0
x_pos_initial = 55.137044394569145
y_pos_initial = 93.27287309967014
z_pos_initial = 40.50984645707317
x_vel_initial = 2.7907070670520664
y_vel_initial = 6.6885897177047084
z_vel_initial = -4.768587533543274
num_bounces = 4
