gravity = 0.0
x_pos_initial = 79.78314347610562
y_pos_initial = 54.59928084769931
z_pos_initial = 17.303612966885346
x_vel_initial = -0.22500110244423865
y_vel_initial = -4.668104492286027
z_vel_initial = -1.2506962250997642
num_bounces = 2
