gravity = 0.0
x_pos_initial = 42.85071223088851
y_pos_initial = 72.05960680921412
z_pos_initial = 20.237116779882033
x_vel_initial = -8.099822324406956
y_vel_initial = -9.422094583426695
z_vel_initial = 5.102505970247874