gravity = 0.5
x_pos_initial = 31.280731152891725
y_pos_initial = 37.99624204536546
z_pos_initial = 1.6300558541749104
x_vel_initial = -7.1960662183252495
y_vel_initial = -1.0027938097063949
z_vel_initial = 2.793251707848583