gravity = 0.0
x_pos_initial = 44.52120808882748
y_pos_initial = 58.62795745110619
z_pos_initial = 95.01737994403146
x_vel_initial = -5.2705887316983935
y_vel_initial = -4.214307356282175
z_vel_initial = -0.05405365627422043
num_bounces = 2
