gravity = 0.5
x_pos_initial = 97.20331649945842
y_pos_initial = 8.289222347468398
z_pos_initial = 66.90565591902211
x_vel_initial = -0.05024746323799434
y_vel_initial = -7.3295638455044
z_vel_initial = 1.0685271177376325
num_bounces = 11
