gravity = 0.0
x_pos_initial = 77.11532383290434
y_pos_initial = 83.33380731496769
z_pos_initial = 68.19035876492623
x_vel_initial = -8.377561172362402
y_vel_initial = 5.8635652386030515
z_vel_initial = 2.6053155256637766