gravity = 0.5
x_pos_initial = 46.31553096321958
y_pos_initial = 20.696528808052555
z_pos_initial = 98.67060954999954
x_vel_initial = 2.0662395530289928
y_vel_initial = -9.093227470907474
z_vel_initial = 8.82077806322754