gravity = 0.0
x_pos_initial = 88.01484429581065
y_pos_initial = 23.15071679103608
z_pos_initial = 77.50918288915956
x_vel_initial = 9.49019083069922
y_vel_initial = 3.647251780094562
z_vel_initial = 4.863165507425322