gravity = 0.0
x_pos_initial = 1.11850795034505
y_pos_initial = 36.69489462804239
z_pos_initial = 6.139292842635653
x_vel_initial = 8.282152175565539
y_vel_initial = -3.5600528282076453
z_vel_initial = 8.263041724359656