gravity = 0.0
x_pos_initial = 17.546493410532115
y_pos_initial = 34.933878286377805
z_pos_initial = 3.422590418710507
x_vel_initial = 4.909591488269241
y_vel_initial = -9.95313983708808
z_vel_initial = -0.2835951394441931