gravity = 0.5
x_pos_initial = 78.91355207012114
y_pos_initial = 97.20594503581806
z_pos_initial = 52.78507178742641
x_vel_initial = -0.7733000865634203
y_vel_initial = 8.778390372568719
z_vel_initial = -3.6028997919680386
num_bounces = 19
