gravity = 0.0
x_pos_initial = 62.86078518119746
y_pos_initial = 21.61910771341213
z_pos_initial = 28.299546896915096
x_vel_initial = -8.148843798742686
y_vel_initial = -0.9562274933310011
z_vel_initial = 9.932521066654715