gravity = 0.0
x_pos_initial = 53.48332435682575
y_pos_initial = 50.402692983153486
z_pos_initial = 12.098188533049363
x_vel_initial = -7.551537613316646
y_vel_initial = -2.6051362390536283
z_vel_initial = 7.424025813861601