gravity = 0.0
x_pos_initial = 29.872602305068366
y_pos_initial = 10.792496131255662
z_pos_initial = 72.76992516795322
x_vel_initial = 3.6796980325356436
y_vel_initial = -5.65274125979903
z_vel_initial = 4.642587152120999