gravity = 0.0
x_pos_initial = 34.28246141753779
y_pos_initial = 1.1661271401293285
z_pos_initial = 46.27193777727344
x_vel_initial = 4.434967610201419
y_vel_initial = 8.327673384190387
z_vel_initial = 2.002707283268654
num_bounces = 2
