gravity = 0.0
x_pos_initial = 36.648410358336896
y_pos_initial = 72.57893132754018
z_pos_initial = 25.986932703176755
x_vel_initial = 2.844398802803296
y_vel_initial = -4.374934371913778
z_vel_initial = 4.954055110194634
num_bounces = 2
