gravity = 0.5
x_pos_initial = 46.52285920128447
y_pos_initial = 40.35479444905827
z_pos_initial = 12.748524937909801
x_vel_initial = -6.405506794161585
y_vel_initial = -5.971222843171972
z_vel_initial = -5.874121711013237