gravity = 0.0
x_pos_initial = 83.92499051538887
y_pos_initial = 8.530615174596598
z_pos_initial = 76.90702314416097
x_vel_initial = -0.8118797404267255
y_vel_initial = 5.577208458295738
z_vel_initial = 4.563305216348665