gravity = 0.0
x_pos_initial = 82.73959020527917
y_pos_initial = 80.32409360834653
z_pos_initial = 8.178535617718579
x_vel_initial = -7.489871927370738
y_vel_initial = -4.711815885638143
z_vel_initial = 0.6333225834457199
num_bounces = 2
