gravity = 0.0
x_pos_initial = 43.280943599895046
y_pos_initial = 76.45744928025785
z_pos_initial = 8.886717294365777
x_vel_initial = 3.079907524757303
y_vel_initial = -6.03310626242809
z_vel_initial = -2.7247256873500385