gravity = 0.5
x_pos_initial = 13.09779243856254
y_pos_initial = 25.662525316024272
z_pos_initial = 65.16462643897653
x_vel_initial = -5.500145570264085
y_vel_initial = -4.214815936634492
z_vel_initial = -0.989242807094886