gravity = 0.0
x_pos_initial = 85.6355869020278
y_pos_initial = 6.399886000821347
z_pos_initial = 22.996679821263506
x_vel_initial = -5.290724102611109
y_vel_initial = -3.9843804603560846
z_vel_initial = 0.6369486501690673
num_bounces = 2
