gravity = 0.0
x_pos_initial = 20.270220709359805
y_pos_initial = 67.58589856228144
z_pos_initial = 88.29715977379595
x_vel_initial = -0.4098087339605847
y_vel_initial = 6.311336025191153
z_vel_initial = -2.8443098610385036
num_bounces = 1
