gravity = 0.0
x_pos_initial = 53.52609136430037
y_pos_initial = 84.11435987749755
z_pos_initial = 35.75755795655665
x_vel_initial = 1.9255626732056985
y_vel_initial = 5.640216976883053
z_vel_initial = 3.273815834258995