gravity = 10.0
x_pos_initial = 51.72993075805527
y_pos_initial = 31.721127291611463
z_pos_initial = 60.442567355628
x_vel_initial = -3.132702244495955
y_vel_initial = 2.2247263059389635
z_vel_initial = -8.319356060827419