gravity = 0.5
x_pos_initial = 47.670417781599255
y_pos_initial = 12.278619992473839
z_pos_initial = 59.255463260336626
x_vel_initial = 3.076685933343473
y_vel_initial = -6.021658042934549
z_vel_initial = -8.37484744364305