gravity = 0.0
x_pos_initial = 33.83842194420121
y_pos_initial = 79.76647918938394
z_pos_initial = 66.23110258252797
x_vel_initial = 6.953502012819609
y_vel_initial = -2.0066149894444534
z_vel_initial = -7.794779870311416
num_bounces = 2
