gravity = 0.5
x_pos_initial = 29.37359711707706
y_pos_initial = 5.628979830628614
z_pos_initial = 44.09301933475946
x_vel_initial = -6.356554523021351
y_vel_initial = 9.967456167436108
z_vel_initial = 8.906582528376436
num_bounces = 11
