gravity = 0.5
x_pos_initial = 47.85012654894603
y_pos_initial = 0.6935617703320356
z_pos_initial = 76.17378692822716
x_vel_initial = -0.2526102496858602
y_vel_initial = -8.095125151174093
z_vel_initial = 2.1449239441572505
num_bounces = 4
