gravity = 0.0
x_pos_initial = 85.50898791222164
y_pos_initial = 70.48017580344674
z_pos_initial = 45.375037498109336
x_vel_initial = 5.888932175645891
y_vel_initial = 2.512295080231546
z_vel_initial = -2.812698017662407