gravity = 0.5
x_pos_initial = 96.10872984848768
y_pos_initial = 49.36100082748464
z_pos_initial = 39.15345698799355
x_vel_initial = 1.5150064285695901
y_vel_initial = -0.9629939652807256
z_vel_initial = -8.58129059624418
num_bounces = 20
