gravity = 0.0
x_pos_initial = 6.382133429000312
y_pos_initial = 53.447339913169884
z_pos_initial = 63.49180425817383
x_vel_initial = -2.6007189788949745
y_vel_initial = 2.8856716776419926
z_vel_initial = -0.3632111801708753
num_bounces = 2
