gravity = 0.0
x_pos_initial = 53.06956097249344
y_pos_initial = 82.92100001446973
z_pos_initial = 0.7862798419696801
x_vel_initial = -8.771174488255635
y_vel_initial = 4.810221107169426
z_vel_initial = -1.805357793666177
num_bounces = 3
