gravity = 0.5
x_pos_initial = 76.01142207964122
y_pos_initial = 64.61630789666545
z_pos_initial = 2.6548706080642623
x_vel_initial = 1.9325812791470547
y_vel_initial = 7.902409259783152
z_vel_initial = -9.803317667347804
num_bounces = 20
