gravity = 0.5
x_pos_initial = 23.202786283566205
y_pos_initial = 23.834716038261693
z_pos_initial = 84.0384088716377
x_vel_initial = 5.015848333238479
y_vel_initial = -0.12954488409170928
z_vel_initial = 0.6272321543835417