gravity = 0.5
x_pos_initial = 31.83396931128187
y_pos_initial = 64.11307150202465
z_pos_initial = 39.58126309683977
x_vel_initial = -0.7948440322366093
y_vel_initial = 1.2775975094077623
z_vel_initial = 4.518065560185526
num_bounces = 19
