gravity = 10.0
x_pos_initial = 56.032905891947955
y_pos_initial = 42.83492319818034
z_pos_initial = 6.306626098710132
x_vel_initial = 0.17322593541208597
y_vel_initial = 1.839062065481663
z_vel_initial = -4.688547317897277