gravity = 0.0
x_pos_initial = 39.75776743255741
y_pos_initial = 11.918298089933325
z_pos_initial = 89.61791710578842
x_vel_initial = 4.69562455527312
y_vel_initial = 3.849321413420169
z_vel_initial = 5.76473035049146
num_bounces = 2
