gravity = 0.5
x_pos_initial = 12.75007893691499
y_pos_initial = 73.46624816197169
z_pos_initial = 27.339934321441657
x_vel_initial = -1.6991543902399382
y_vel_initial = 7.311376299957185
z_vel_initial = 6.270833501596734
num_bounces = 22
