gravity = 10.0
x_pos_initial = 16.732702751731473
y_pos_initial = 15.344811022064391
z_pos_initial = 87.70164456236398
x_vel_initial = -5.045427251243674
y_vel_initial = -7.693973296753869
z_vel_initial = 5.081609394133796
num_bounces = 5
