gravity = 10.0
x_pos_initial = 74.29675388285658
y_pos_initial = 54.36887828177853
z_pos_initial = 22.921735163764982
x_vel_initial = 9.393084635569224
y_vel_initial = -3.4192658944193255
z_vel_initial = 3.0664832641633097