gravity = 10.0
x_pos_initial = 44.1680579722653
y_pos_initial = 26.03854907824349
z_pos_initial = 44.59950361712196
x_vel_initial = 8.777622312858806
y_vel_initial = -4.320506576293983
z_vel_initial = 5.933651306053518