gravity = 0.5
x_pos_initial = 22.502975593285726
y_pos_initial = 0.09456560291522298
z_pos_initial = 98.06935483578923
x_vel_initial = 7.471514082141166
y_vel_initial = -8.365952111489769
z_vel_initial = -2.3940803944901257
num_bounces = 2
