gravity = 0.5
x_pos_initial = 40.22805101927253
y_pos_initial = 5.703573972993054
z_pos_initial = 40.27096419258499
x_vel_initial = 4.135814286170177
y_vel_initial = 6.31163018810501
z_vel_initial = 3.165404305745529
num_bounces = 11
