gravity = 10.0
x_pos_initial = 90.20647549353927
y_pos_initial = 48.61610548459621
z_pos_initial = 25.255922514575296
x_vel_initial = 7.6720163746228245
y_vel_initial = 2.3729546497352274
z_vel_initial = 0.9827321711788866