gravity = 10.0
x_pos_initial = 29.729491679999395
y_pos_initial = 8.395183844843999
z_pos_initial = 6.899087810771442
x_vel_initial = -4.9832038456734935
y_vel_initial = 3.454847398592973
z_vel_initial = -7.279332677869583