gravity = 0.0
x_pos_initial = 97.6636326953834
y_pos_initial = 38.98441684656246
z_pos_initial = 13.564407890279318
x_vel_initial = 7.864744105514539
y_vel_initial = -7.826804424297669
z_vel_initial = 9.986317632235043