gravity = 0.5
x_pos_initial = 62.67351620055291
y_pos_initial = 56.3281142069812
z_pos_initial = 97.60455729656942
x_vel_initial = -9.677323819938811
y_vel_initial = 1.5777607636567428
z_vel_initial = 1.0813211533727802
num_bounces = 18
