gravity = 10.0
x_pos_initial = 40.22713565890277
y_pos_initial = 25.494423745322983
z_pos_initial = 99.53994085792321
x_vel_initial = 8.396471514375815
y_vel_initial = -3.9660726980598495
z_vel_initial = 4.6062726818062885