gravity = 0.5
x_pos_initial = 90.02499957594989
y_pos_initial = 41.7091263929896
z_pos_initial = 61.95755942646948
x_vel_initial = 2.540638043249576
y_vel_initial = 9.01063900337002
z_vel_initial = 0.4692927495052608
num_bounces = 21
