gravity = 0.0
x_pos_initial = 11.053380723461416
y_pos_initial = 49.16251660673325
z_pos_initial = 82.75825311758643
x_vel_initial = -4.065480110722254
y_vel_initial = 0.8807167973356194
z_vel_initial = 4.208361732257927