gravity = 10.0
x_pos_initial = 62.34956305596096
y_pos_initial = 60.008960238204004
z_pos_initial = 48.40460997755686
x_vel_initial = -6.213279316158307
y_vel_initial = -6.462191031964812
z_vel_initial = -7.497064056953123