gravity = 0.5
x_pos_initial = 90.08211058261759
y_pos_initial = 15.274037696201052
z_pos_initial = 13.679026085693293
x_vel_initial = -7.602857823453011
y_vel_initial = -2.6265017323094835
z_vel_initial = -7.6953463070598005
num_bounces = 13
