gravity = 0.0
x_pos_initial = 4.7576606291947865
y_pos_initial = 78.27453705745825
z_pos_initial = 3.207792227993479
x_vel_initial = 4.870445055358012
y_vel_initial = 3.2194045938068854
z_vel_initial = 0.06047886172967587
num_bounces = 1
