gravity = 0.0
x_pos_initial = 38.689562009576974
y_pos_initial = 79.3488108485944
z_pos_initial = 41.707314920065436
x_vel_initial = -0.4072003496913279
y_vel_initial = -5.111774345422835
z_vel_initial = 4.657878132619084
num_bounces = 2
