gravity = 0.5
x_pos_initial = 42.183107189260014
y_pos_initial = 4.83915281915152
z_pos_initial = 67.83892618513491
x_vel_initial = 8.32322474105068
y_vel_initial = -2.6805336369104893
z_vel_initial = 3.5834917664164525
num_bounces = 10
