gravity = 10.0
x_pos_initial = 94.78019301889896
y_pos_initial = 87.75065463603033
z_pos_initial = 10.418461638349296
x_vel_initial = 9.039639757405663
y_vel_initial = 8.488875562099981
z_vel_initial = 0.808744368210224
num_bounces = 8
