gravity = 0.0
x_pos_initial = 84.25897309506895
y_pos_initial = 44.84081565776574
z_pos_initial = 99.9631994348323
x_vel_initial = -9.86506661732241
y_vel_initial = 2.0294155794445707
z_vel_initial = -3.8327990807335723
num_bounces = 1
