gravity = 0.0
x_pos_initial = 81.33860258082147
y_pos_initial = 81.33206394242632
z_pos_initial = 12.542617326005072
x_vel_initial = 9.398919886701144
y_vel_initial = -6.363009542457014
z_vel_initial = 6.388924512653546