gravity = 0.0
x_pos_initial = 0.9993548344621122
y_pos_initial = 95.6715022872444
z_pos_initial = 64.91919803230383
x_vel_initial = -8.2508106886457
y_vel_initial = 1.598576382452869
z_vel_initial = -8.521729084501494
num_bounces = 4
