gravity = 10.0
x_pos_initial = 45.415681815479985
y_pos_initial = 9.015967819594541
z_pos_initial = 59.48659975433441
x_vel_initial = -2.4125259488835695
y_vel_initial = 5.085368005651322
z_vel_initial = 0.32060189492658964
num_bounces = 2
