gravity = 0.0
x_pos_initial = 43.23062663833754
y_pos_initial = 44.12133795617015
z_pos_initial = 84.53704203698739
x_vel_initial = -2.6873934033879703
y_vel_initial = -8.928871557818274
z_vel_initial = 9.159961481298463