gravity = 10.0
x_pos_initial = 4.964551031077571
y_pos_initial = 68.88685880702751
z_pos_initial = 47.44658946167017
x_vel_initial = -4.321934106273986
y_vel_initial = 0.16520026227468776
z_vel_initial = 3.7468713570318535
num_bounces = 8
