gravity = 0.0
x_pos_initial = 10.992046090955604
y_pos_initial = 41.33580519639444
z_pos_initial = 5.756699276277454
x_vel_initial = 9.46095880533571
y_vel_initial = -6.223161249464647
z_vel_initial = 7.553020126802778
num_bounces = 3
