gravity = 0.0
x_pos_initial = 64.72156337538046
y_pos_initial = 14.792626872971274
z_pos_initial = 75.17634300099209
x_vel_initial = -0.2660471960531581
y_vel_initial = 2.3719050226083827
z_vel_initial = -1.2973708142869036
num_bounces = 0
