gravity = 0.5
x_pos_initial = 10.146175832532496
y_pos_initial = 6.072618412465896
z_pos_initial = 15.36184962149913
x_vel_initial = 2.467556015104888
y_vel_initial = -9.667411354804596
z_vel_initial = 9.851829272560092
num_bounces = 10
