gravity = 0.5
x_pos_initial = 5.607099579714161
y_pos_initial = 37.00278127858756
z_pos_initial = 83.74762348530639
x_vel_initial = -7.911147645019478
y_vel_initial = 5.426346438132473
z_vel_initial = 4.060365708507096
num_bounces = 20
