gravity = 0.0
x_pos_initial = 73.91835187995495
y_pos_initial = 98.86168101723933
z_pos_initial = 87.16617658993255
x_vel_initial = -4.880968038146073
y_vel_initial = -7.224548010719287
z_vel_initial = -1.657154008986243