gravity = 0.0
x_pos_initial = 63.678017509736755
y_pos_initial = 45.090727438233635
z_pos_initial = 50.19298194190027
x_vel_initial = 8.653579769083233
y_vel_initial = 3.039755728040811
z_vel_initial = 7.093990430740551