gravity = 10.0
x_pos_initial = 21.56017925470083
y_pos_initial = 67.22276062397931
z_pos_initial = 78.51479047759152
x_vel_initial = 3.479656731024674
y_vel_initial = 1.7225467611150673
z_vel_initial = -4.212909243216841
num_bounces = 6
