gravity = 0.5
x_pos_initial = 69.99782795834275
y_pos_initial = 28.66904802611848
z_pos_initial = 20.222047658898433
x_vel_initial = 1.6941985719890216
y_vel_initial = 0.2110356754506597
z_vel_initial = 5.782304213507519
num_bounces = 16
