gravity = 0.0
x_pos_initial = 81.36021867941257
y_pos_initial = 66.39656385015803
z_pos_initial = 64.53232106019158
x_vel_initial = -2.972240086298733
y_vel_initial = 1.1681010945362207
z_vel_initial = -8.884563738563218
num_bounces = 1
