gravity = 0.0
x_pos_initial = 82.69974938440204
y_pos_initial = 80.6204996517723
z_pos_initial = 22.634893811792043
x_vel_initial = -1.1785975430582827
y_vel_initial = 7.920631937897557
z_vel_initial = -6.144806117005061
num_bounces = 3
