gravity = 0.0
x_pos_initial = 61.44925385646707
y_pos_initial = 65.08935246458314
z_pos_initial = 81.55335262149653
x_vel_initial = -9.7015299839764
y_vel_initial = 1.0238008399119973
z_vel_initial = -9.919912907589646