gravity = 10.0
x_pos_initial = 14.854778950447496
y_pos_initial = 82.85409567216928
z_pos_initial = 20.204820662224233
x_vel_initial = -2.2305617524876107
y_vel_initial = -8.720312763934308
z_vel_initial = 4.263953853066452