gravity = 0.5
x_pos_initial = 60.644295428380744
y_pos_initial = 29.47702502452393
z_pos_initial = 1.0333877844206332
x_vel_initial = -7.981656461953764
y_vel_initial = -4.504987802318468
z_vel_initial = 7.314305021169545