gravity = 0.0
x_pos_initial = 26.644352499242075
y_pos_initial = 39.34998499714151
z_pos_initial = 61.70689241200384
x_vel_initial = 9.632778673440573
y_vel_initial = -5.485760184955609
z_vel_initial = -3.3698768745967946