gravity = 10.0
x_pos_initial = 4.915961349152032
y_pos_initial = 19.260503856887745
z_pos_initial = 84.71092498358688
x_vel_initial = 5.184607355168266
y_vel_initial = 6.415156082366234
z_vel_initial = 8.757456015968458
num_bounces = 5
