gravity = 0.0
x_pos_initial = 89.2707094066832
y_pos_initial = 35.32504476391262
z_pos_initial = 51.70047199783057
x_vel_initial = 6.097378004339262
y_vel_initial = -3.112955868515062
z_vel_initial = -0.3821948465899254