gravity = 0.0
x_pos_initial = 1.4046338699023297
y_pos_initial = 52.283813675905925
z_pos_initial = 80.14517534581246
x_vel_initial = 0.13711307710334886
y_vel_initial = 7.191106189863127
z_vel_initial = -3.343521897038123
num_bounces = 1
