gravity = 0.0
x_pos_initial = 77.46989803637736
y_pos_initial = 97.3539322266604
z_pos_initial = 43.13437897559452
x_vel_initial = 8.766323711159881
y_vel_initial = -0.6654577100184955
z_vel_initial = -9.351921242506117
num_bounces = 4
