gravity = 0.5
x_pos_initial = 88.78857737296319
y_pos_initial = 70.29301933396765
z_pos_initial = 75.55792853082745
x_vel_initial = -8.043984251353722
y_vel_initial = -0.60041641110789
z_vel_initial = -2.108471369863363
num_bounces = 19
