gravity = 0.5
x_pos_initial = 16.44944317132524
y_pos_initial = 6.405671685365006
z_pos_initial = 84.5847611225792
x_vel_initial = -3.004155963325119
y_vel_initial = 2.2594864222043753
z_vel_initial = -6.792182633846295
num_bounces = 11
