gravity = 0.0
x_pos_initial = 24.814237808458454
y_pos_initial = 95.49938383467406
z_pos_initial = 76.69985469578934
x_vel_initial = -1.8591406916639759
y_vel_initial = 3.761743096658291
z_vel_initial = -0.2326069909843067
num_bounces = 2
