gravity = 0.0
x_pos_initial = 71.60695325511921
y_pos_initial = 69.12394809480047
z_pos_initial = 81.65802132049463
x_vel_initial = -3.135779556968494
y_vel_initial = 9.346916498821447
z_vel_initial = 0.5381873954894214