gravity = 0.0
x_pos_initial = 88.53496975210268
y_pos_initial = 16.10383177269452
z_pos_initial = 82.26303139439352
x_vel_initial = -8.68902012931351
y_vel_initial = 8.365642308864988
z_vel_initial = -2.0049973044638074