gravity = 0.0
x_pos_initial = 77.30782955392687
y_pos_initial = 73.94898049712371
z_pos_initial = 3.4826428148106414
x_vel_initial = 2.583241718826258
y_vel_initial = -8.78281952380108
z_vel_initial = 7.801808886337572