gravity = 10.0
x_pos_initial = 28.01010386972151
y_pos_initial = 64.65638327152696
z_pos_initial = 41.644291958359396
x_vel_initial = 2.805567784793567
y_vel_initial = -0.9986261529902638
z_vel_initial = -8.406434084361074