gravity = 0.0
x_pos_initial = 28.634315925882095
y_pos_initial = 2.9993198198885476
z_pos_initial = 71.71231085838359
x_vel_initial = -5.708596913567
y_vel_initial = 0.11812950439793468
z_vel_initial = 3.4935127908686017
num_bounces = 2
