gravity = 10.0
x_pos_initial = 87.10755085646979
y_pos_initial = 67.06281569962692
z_pos_initial = 57.084055018462365
x_vel_initial = 4.616253521045477
y_vel_initial = 8.749094785414535
z_vel_initial = -0.5470835972159289