gravity = 0.0
x_pos_initial = 83.06260456711092
y_pos_initial = 87.13283374117198
z_pos_initial = 9.261017549892838
x_vel_initial = 7.170777764402917
y_vel_initial = -5.263517760202011
z_vel_initial = 8.828880844137768