gravity = 10.0
x_pos_initial = 20.575030507394708
y_pos_initial = 15.86530848705523
z_pos_initial = 52.66851980862443
x_vel_initial = -7.754323626386621
y_vel_initial = -7.182986380890135
z_vel_initial = 4.607132266422383