gravity = 10.0
x_pos_initial = 22.804769841947063
y_pos_initial = 32.52245918552723
z_pos_initial = 80.48363629921172
x_vel_initial = 9.210896740578356
y_vel_initial = 4.853826922662192
z_vel_initial = 9.479392314352587