gravity = 0.0
x_pos_initial = 91.66805054849279
y_pos_initial = 35.5822178266482
z_pos_initial = 79.55208005936905
x_vel_initial = 3.9202605453484356
y_vel_initial = 6.848983869815282
z_vel_initial = -4.380423620107033