gravity = 0.0
x_pos_initial = 1.8153133963031303
y_pos_initial = 13.847195582969828
z_pos_initial = 49.054615890283486
x_vel_initial = 4.08140585880669
y_vel_initial = 5.61935065944345
z_vel_initial = -7.610890101106586