gravity = 0.5
x_pos_initial = 59.99028531446185
y_pos_initial = 92.52618509897445
z_pos_initial = 12.791036974375555
x_vel_initial = 1.633579558808444
y_vel_initial = 7.2547672671745325
z_vel_initial = 2.152602141770668
num_bounces = 18
