gravity = 0.5
x_pos_initial = 75.03369776215732
y_pos_initial = 15.002190733834778
z_pos_initial = 58.245213974441064
x_vel_initial = 6.950896131443315
y_vel_initial = 9.70194298648427
z_vel_initial = -6.173015804901126
num_bounces = 17
