gravity = 0.0
x_pos_initial = 69.70799582379158
y_pos_initial = 63.21494706226844
z_pos_initial = 38.542800255498754
x_vel_initial = -7.711602577901893
y_vel_initial = -9.204227338085232
z_vel_initial = 0.30254566983029463
num_bounces = 2
