gravity = 0.0
x_pos_initial = 93.76405629317523
y_pos_initial = 62.06659315735528
z_pos_initial = 35.05527823759164
x_vel_initial = -7.310879372625378
y_vel_initial = 6.604582712248682
z_vel_initial = 2.533002556457509
num_bounces = 2
