gravity = 0.0
x_pos_initial = 64.77793073347684
y_pos_initial = 30.368369627034994
z_pos_initial = 91.93767874482175
x_vel_initial = -5.191362758582521
y_vel_initial = 8.013215245012457
z_vel_initial = -5.354372441694933
num_bounces = 3
