gravity = 0.0
x_pos_initial = 24.36964185577016
y_pos_initial = 98.62540055447081
z_pos_initial = 60.03624890685254
x_vel_initial = 8.486794909586504
y_vel_initial = 0.017190499393462844
z_vel_initial = 4.730843039487425