gravity = 0.0
x_pos_initial = 97.22067161853306
y_pos_initial = 81.39127443313828
z_pos_initial = 24.246367483298812
x_vel_initial = -9.834160839602694
y_vel_initial = 0.23859102173015856
z_vel_initial = 6.99837192882266