gravity = 0.0
x_pos_initial = 83.308855242271
y_pos_initial = 64.32999285653916
z_pos_initial = 65.74887237071131
x_vel_initial = 0.2900838360972777
y_vel_initial = 3.260326664509325
z_vel_initial = -8.905424541870442