gravity = 0.0
x_pos_initial = 18.132335602383545
y_pos_initial = 95.80271161058597
z_pos_initial = 73.74605031299546
x_vel_initial = -3.8703230192523073
y_vel_initial = 8.417957733184789
z_vel_initial = -2.732530314757872