gravity = 0.5
x_pos_initial = 71.76540045178409
y_pos_initial = 93.44877570523056
z_pos_initial = 39.17698757952116
x_vel_initial = -5.684778124604639
y_vel_initial = 1.8594217672225
z_vel_initial = 9.783164527493355