gravity = 10.0
x_pos_initial = 44.024791878258014
y_pos_initial = 83.4845292338298
z_pos_initial = 85.66242204872803
x_vel_initial = 2.01635237772226
y_vel_initial = -7.203345435265315
z_vel_initial = -2.1391836789956526
num_bounces = 4
