gravity = 10.0
x_pos_initial = 4.164201914610786
y_pos_initial = 85.42410333455459
z_pos_initial = 68.77176893429323
x_vel_initial = -9.575682423054644
y_vel_initial = 5.5944323866381325
z_vel_initial = -7.972411891041784