gravity = 0.5
x_pos_initial = 44.248838830271936
y_pos_initial = 96.41846196626199
z_pos_initial = 40.15193043360316
x_vel_initial = -1.8285979553964307
y_vel_initial = 4.038713669645768
z_vel_initial = -9.638542408963515
num_bounces = 20
