gravity = 0.0
x_pos_initial = 81.66631873755493
y_pos_initial = 88.98457942673042
z_pos_initial = 78.51965296613562
x_vel_initial = 6.703901139466385
y_vel_initial = -9.266493670214885
z_vel_initial = -5.564621742589716