gravity = 0.0
x_pos_initial = 71.25526979057622
y_pos_initial = 98.90068720543862
z_pos_initial = 58.58360715598348
x_vel_initial = -6.926629141969125
y_vel_initial = 5.118339952866439
z_vel_initial = 7.28809548267888