gravity = 0.5
x_pos_initial = 38.2037888052766
y_pos_initial = 43.30342365350881
z_pos_initial = 3.188112961431661
x_vel_initial = -8.8299121556985
y_vel_initial = 7.1294760067956915
z_vel_initial = 0.9364946928856934