gravity = 0.0
x_pos_initial = 91.28354882708337
y_pos_initial = 49.134695231023706
z_pos_initial = 49.40668299889662
x_vel_initial = 7.883560107240765
y_vel_initial = 8.054783718522273
z_vel_initial = 9.366288335966559
num_bounces = 5
