gravity = 0.5
x_pos_initial = 64.70707965664818
y_pos_initial = 15.806307887413759
z_pos_initial = 47.75592194558426
x_vel_initial = 3.590353001344292
y_vel_initial = -3.0912113137738366
z_vel_initial = -9.50162223297125
num_bounces = 15
