gravity = 0.5
x_pos_initial = 48.80867826766997
y_pos_initial = 53.29861936108548
z_pos_initial = 76.81590621755355
x_vel_initial = -5.15196268213589
y_vel_initial = -9.260451434658833
z_vel_initial = -6.178399809639753