gravity = 0.0
x_pos_initial = 80.77354080902286
y_pos_initial = 68.92246205686187
z_pos_initial = 17.48342980008667
x_vel_initial = -3.2519330942759694
y_vel_initial = 4.160837777085739
z_vel_initial = 7.201107291069647
num_bounces = 2
