gravity = 0.0
x_pos_initial = 43.91911237070682
y_pos_initial = 72.21434979892314
z_pos_initial = 72.13920697557336
x_vel_initial = 6.925719352901464
y_vel_initial = 0.5001525620674521
z_vel_initial = 8.591471316195015