gravity = 10.0
x_pos_initial = 42.433894848992246
y_pos_initial = 22.549814238429928
z_pos_initial = 52.87180481813868
x_vel_initial = -4.9945543228598375
y_vel_initial = -0.41984695740276656
z_vel_initial = 4.612857657725478
num_bounces = 5
