gravity = 10.0
x_pos_initial = 12.801904694455747
y_pos_initial = 71.8373070495031
z_pos_initial = 73.69790002233034
x_vel_initial = 5.314162080894626
y_vel_initial = 9.691711240041865
z_vel_initial = 2.914780990836178