gravity = 0.5
x_pos_initial = 83.6042171815126
y_pos_initial = 71.6482074349001
z_pos_initial = 23.64323038171931
x_vel_initial = 6.505274527444506
y_vel_initial = -3.667162287867285
z_vel_initial = 5.996920241321755