gravity = 0.5
x_pos_initial = 85.13226271291032
y_pos_initial = 88.76386610758362
z_pos_initial = 84.68921398801866
x_vel_initial = 2.8134653759006802
y_vel_initial = -3.280297277591653
z_vel_initial = 7.351810972734505
num_bounces = 20
