gravity = 0.0
x_pos_initial = 9.677438673767906
y_pos_initial = 41.871688304519324
z_pos_initial = 51.18507657651156
x_vel_initial = -8.117835049207553
y_vel_initial = -1.3163101105147348
z_vel_initial = 7.429330099904252
num_bounces = 3
