gravity = 10.0
x_pos_initial = 14.861986627273808
y_pos_initial = 51.98337158169613
z_pos_initial = 31.271922908099693
x_vel_initial = 7.8308100628564645
y_vel_initial = 7.930477799605015
z_vel_initial = 9.131491302344607