gravity = 0.0
x_pos_initial = 5.497081957608373
y_pos_initial = 37.881800936642875
z_pos_initial = 6.754548335149202
x_vel_initial = 4.28438006976817
y_vel_initial = 8.037160060018063
z_vel_initial = -6.937469188754734