gravity = 0.0
x_pos_initial = 45.87005108206423
y_pos_initial = 22.191118512209176
z_pos_initial = 87.15203572622075
x_vel_initial = 0.8829818363408819
y_vel_initial = 0.5893213083757232
z_vel_initial = 6.034999463067404