gravity = 10.0
x_pos_initial = 36.38247088910861
y_pos_initial = 18.457518055447014
z_pos_initial = 83.86124229971468
x_vel_initial = -6.855567053417583
y_vel_initial = -9.634343417919569
z_vel_initial = 0.4800389716968638
num_bounces = 4
