gravity = 10.0
x_pos_initial = 68.54912086048304
y_pos_initial = 44.921795110380145
z_pos_initial = 10.627429930004864
x_vel_initial = -2.0351581518434356
y_vel_initial = 7.607204526739434
z_vel_initial = -9.656634574236158