gravity = 0.0
x_pos_initial = 97.61873792737245
y_pos_initial = 52.1267154978378
z_pos_initial = 69.54768026640076
x_vel_initial = 0.726053595832667
y_vel_initial = -9.141914057176093
z_vel_initial = 9.554954280606168
num_bounces = 4
