gravity = 0.0
x_pos_initial = 15.762554613541807
y_pos_initial = 33.574436275121016
z_pos_initial = 68.96563608242442
x_vel_initial = 2.5006883940806315
y_vel_initial = -3.8351012079149127
z_vel_initial = 2.3921479799876053
num_bounces = 2
