gravity = 10.0
x_pos_initial = 15.87881475684556
y_pos_initial = 87.45330585570935
z_pos_initial = 18.469113637603115
x_vel_initial = -3.780630524705675
y_vel_initial = -7.267610099785804
z_vel_initial = 4.799807962078148
num_bounces = 6
