gravity = 0.0
x_pos_initial = 60.30906636143074
y_pos_initial = 93.03685658429751
z_pos_initial = 87.70711820861284
x_vel_initial = 2.900415946777569
y_vel_initial = 1.6460216153463918
z_vel_initial = 2.886804389903544