gravity = 0.5
x_pos_initial = 96.98027454699812
y_pos_initial = 12.822926164714495
z_pos_initial = 97.28936416304224
x_vel_initial = 3.310248938624188
y_vel_initial = -1.5173967009245377
z_vel_initial = -0.99446192635072