gravity = 10.0
x_pos_initial = 54.024419096403086
y_pos_initial = 47.324800761153654
z_pos_initial = 22.602014628391487
x_vel_initial = -1.0937049145071231
y_vel_initial = -9.346534220967483
z_vel_initial = 1.151091033471932