gravity = 0.5
x_pos_initial = 21.94048366905941
y_pos_initial = 19.678519733823922
z_pos_initial = 5.018369190094413
x_vel_initial = -8.862694677275185
y_vel_initial = -6.287668305431357
z_vel_initial = -2.686663571152735