gravity = 0.0
x_pos_initial = 99.17818568296293
y_pos_initial = 55.2114723064972
z_pos_initial = 50.017343889259905
x_vel_initial = 9.50316241085769
y_vel_initial = 1.821234155144337
z_vel_initial = 4.378064106473458
num_bounces = 3
