gravity = 0.0
x_pos_initial = 23.65226422805922
y_pos_initial = 70.91477028120542
z_pos_initial = 26.110443834041337
x_vel_initial = 9.554987741132095
y_vel_initial = 3.714728545427466
z_vel_initial = 2.1508141283018567