gravity = 0.0
x_pos_initial = 61.79655949141142
y_pos_initial = 57.190838410385716
z_pos_initial = 95.05591699242477
x_vel_initial = 9.82166028503904
y_vel_initial = -4.8823765259814165
z_vel_initial = 2.9177550915050183