gravity = 0.0
x_pos_initial = 54.27868820110044
y_pos_initial = 36.096488753659486
z_pos_initial = 19.828848249397073
x_vel_initial = -8.433504351871482
y_vel_initial = -8.164468666113347
z_vel_initial = -9.776245581447215