gravity = 0.0
x_pos_initial = 10.227891967092823
y_pos_initial = 80.63297805696834
z_pos_initial = 14.366671662754872
x_vel_initial = 2.4173334372476845
y_vel_initial = -7.037654325337029
z_vel_initial = 2.6499886571914075