gravity = 0.0
x_pos_initial = 12.143419607118144
y_pos_initial = 1.7759618307746654
z_pos_initial = 50.80597394091353
x_vel_initial = -8.938363948671691
y_vel_initial = 9.843347954411524
z_vel_initial = 5.214873731958546
num_bounces = 4
