gravity = 10.0
x_pos_initial = 42.35701905018389
y_pos_initial = 83.9031313686944
z_pos_initial = 61.829525265463595
x_vel_initial = -9.23440933679876
y_vel_initial = 9.773005624464801
z_vel_initial = -0.8680132770218929
num_bounces = 8
