gravity = 0.5
x_pos_initial = 88.79419725237173
y_pos_initial = 2.4866752989436445
z_pos_initial = 14.840369180289054
x_vel_initial = -5.837770450896467
y_vel_initial = -5.7432143169954175
z_vel_initial = 9.918511785311225
num_bounces = 9
