gravity = 0.0
x_pos_initial = 12.883406889299444
y_pos_initial = 90.76507177398034
z_pos_initial = 56.841057691957175
x_vel_initial = 1.3386578091596277
y_vel_initial = 5.995796299298721
z_vel_initial = -0.9071166801772623
num_bounces = 1
