gravity = 0.5
x_pos_initial = 38.689846690768725
y_pos_initial = 81.69589499069139
z_pos_initial = 64.65620353067423
x_vel_initial = -4.586802535438856
y_vel_initial = 5.307339515475778
z_vel_initial = 8.371589809278266
num_bounces = 21
