gravity = 0.0
x_pos_initial = 76.26593583780353
y_pos_initial = 93.00944350580542
z_pos_initial = 12.673465214426198
x_vel_initial = -6.603640195561484
y_vel_initial = 6.307107478673959
z_vel_initial = 5.794184838783218