gravity = 0.0
x_pos_initial = 43.76192147536849
y_pos_initial = 56.94111944296206
z_pos_initial = 36.8740000212835
x_vel_initial = -7.392558465670832
y_vel_initial = -3.07426788016015
z_vel_initial = -1.9820167327219593