gravity = 10.0
x_pos_initial = 5.784494390544899
y_pos_initial = 55.686592364269956
z_pos_initial = 64.4320077002236
x_vel_initial = 6.833262575240845
y_vel_initial = 6.456106930904294
z_vel_initial = 8.032357333420034
num_bounces = 7
