gravity = 0.5
x_pos_initial = 70.19545905269908
y_pos_initial = 70.88369420589264
z_pos_initial = 12.396541418402808
x_vel_initial = 9.908087353435036
y_vel_initial = -3.924611305877206
z_vel_initial = 2.658032478090595