gravity = 0.5
x_pos_initial = 97.08809398317138
y_pos_initial = 59.02070467571537
z_pos_initial = 66.91088463148073
x_vel_initial = 1.9674588222632963
y_vel_initial = 0.5289659085491145
z_vel_initial = 3.3560459934470863
num_bounces = 22
