gravity = 0.0
x_pos_initial = 48.67438550366289
y_pos_initial = 72.61286879077865
z_pos_initial = 77.32562806728116
x_vel_initial = 8.148798347627373
y_vel_initial = -3.253254910148746
z_vel_initial = 0.431011423628334