gravity = 0.0
x_pos_initial = 20.619765629585427
y_pos_initial = 10.07469180982853
z_pos_initial = 75.57283791243466
x_vel_initial = 8.699841528185882
y_vel_initial = 9.926564300628385
z_vel_initial = -4.32613376529795
num_bounces = 3
