gravity = 0.0
x_pos_initial = 42.65238246443591
y_pos_initial = 16.91052245710318
z_pos_initial = 31.904849278368246
x_vel_initial = 1.7491392200702762
y_vel_initial = -2.498351292843065
z_vel_initial = -8.132728570163218
num_bounces = 3
