gravity = 0.5
x_pos_initial = 15.316161407150043
y_pos_initial = 62.49913449013746
z_pos_initial = 33.0867002137208
x_vel_initial = -4.219744048479665
y_vel_initial = -0.9468558914277967
z_vel_initial = 1.45203706207554