gravity = 0.5
x_pos_initial = 8.307452387404876
y_pos_initial = 33.785747284385764
z_pos_initial = 31.339745507105665
x_vel_initial = 2.064859596717678
y_vel_initial = -8.863620238399104
z_vel_initial = 7.815545522612737
num_bounces = 17
