gravity = 0.0
x_pos_initial = 40.64892782226153
y_pos_initial = 78.12993423830373
z_pos_initial = 54.95283015555897
x_vel_initial = 3.0773004234256778
y_vel_initial = 6.098327443208458
z_vel_initial = 2.762388449952633