gravity = 0.0
x_pos_initial = 19.888527737535437
y_pos_initial = 2.9189003994072458
z_pos_initial = 77.50539837943238
x_vel_initial = -2.652100193419238
y_vel_initial = 0.10560363094231029
z_vel_initial = 5.7805435848150015
num_bounces = 2
