gravity = 0.0
x_pos_initial = 7.177176095379409
y_pos_initial = 25.234567925473563
z_pos_initial = 32.052528164023144
x_vel_initial = 3.015151418219933
y_vel_initial = 0.870202480823945
z_vel_initial = -9.926535806563493
num_bounces = 2
