gravity = 10.0
x_pos_initial = 56.70836670463367
y_pos_initial = 60.54309588731387
z_pos_initial = 68.41523975392286
x_vel_initial = -6.986019211410046
y_vel_initial = 0.1473770884988017
z_vel_initial = 1.1920088517164231