gravity = 10.0
x_pos_initial = 61.20887581945388
y_pos_initial = 54.92770808849924
z_pos_initial = 10.545337839011758
x_vel_initial = -8.012088813869255
y_vel_initial = 0.10312646204063469
z_vel_initial = -9.614766458125404
num_bounces = 8
