gravity = 10.0
x_pos_initial = 21.108160937930812
y_pos_initial = 69.89493280470502
z_pos_initial = 15.933432901627846
x_vel_initial = -0.7150688972390089
y_vel_initial = -0.9491643990112468
z_vel_initial = -1.7305536247890103