gravity = 10.0
x_pos_initial = 99.10271591508558
y_pos_initial = 78.20907021148786
z_pos_initial = 78.55760892300977
x_vel_initial = 5.87999802989161
y_vel_initial = 7.606585082023951
z_vel_initial = 9.91347413447139