gravity = 10.0
x_pos_initial = 55.502456230071616
y_pos_initial = 22.923845071571215
z_pos_initial = 23.865759797221877
x_vel_initial = -8.285396118737914
y_vel_initial = 9.867340288244844
z_vel_initial = 2.8801225463407327