gravity = 10.0
x_pos_initial = 0.14237935879449537
y_pos_initial = 64.48585639700023
z_pos_initial = 25.386354758406828
x_vel_initial = -4.607007892593892
y_vel_initial = 8.657199608902662
z_vel_initial = -3.388114052388823
num_bounces = 8
