gravity = 0.0
x_pos_initial = 73.96224084287311
y_pos_initial = 65.41640318486206
z_pos_initial = 41.45427780520053
x_vel_initial = -4.866796212259271
y_vel_initial = 9.325085532522063
z_vel_initial = -0.10941292451408913
num_bounces = 3
