gravity = 0.0
x_pos_initial = 23.4187193145272
y_pos_initial = 64.26067081017308
z_pos_initial = 5.507311015250485
x_vel_initial = -3.682935969203502
y_vel_initial = 0.8653109827072072
z_vel_initial = -1.7012196652302372
num_bounces = 2
