gravity = 10.0
x_pos_initial = 43.53814035451274
y_pos_initial = 89.32621542515543
z_pos_initial = 43.01925774742639
x_vel_initial = -6.822057328110329
y_vel_initial = 4.033877467303952
z_vel_initial = 7.175205353778747
num_bounces = 8
