gravity = 0.5
x_pos_initial = 66.24664280227081
y_pos_initial = 97.8105843759522
z_pos_initial = 63.877370032117916
x_vel_initial = 3.3488548576894743
y_vel_initial = -6.931291368196515
z_vel_initial = 9.510009980612978
num_bounces = 21
