gravity = 0.5
x_pos_initial = 28.49950072396999
y_pos_initial = 11.068970269608203
z_pos_initial = 20.79227808646954
x_vel_initial = 9.31823193254435
y_vel_initial = -2.052493103600302
z_vel_initial = -2.977148306607962
num_bounces = 14
