gravity = 0.0
x_pos_initial = 81.38884100497926
y_pos_initial = 88.26697830772547
z_pos_initial = 34.46377410065359
x_vel_initial = 2.969027746384107
y_vel_initial = 5.836118909728498
z_vel_initial = -6.615183273328391