gravity = 10.0
x_pos_initial = 29.564235733588028
y_pos_initial = 81.78724277238823
z_pos_initial = 48.272202910862326
x_vel_initial = -9.500821329119198
y_vel_initial = 7.75405646891668
z_vel_initial = 2.1097454995326235