gravity = 0.0
x_pos_initial = 81.67736206428354
y_pos_initial = 35.213700347744414
z_pos_initial = 36.55705141353184
x_vel_initial = -9.193401443434675
y_vel_initial = -1.8978502114065439
z_vel_initial = -2.75028181139466