gravity = 0.0
x_pos_initial = 58.68942382146714
y_pos_initial = 64.33691801103163
z_pos_initial = 20.296808823939877
x_vel_initial = -1.4947457175215852
y_vel_initial = -0.8108111051837472
z_vel_initial = -7.56121349868868