gravity = 0.5
x_pos_initial = 44.48145830126645
y_pos_initial = 44.30395762741617
z_pos_initial = 50.89467800746856
x_vel_initial = 7.517904131790026
y_vel_initial = -7.106049645817088
z_vel_initial = 8.271180983326612
num_bounces = 21
