gravity = 10.0
x_pos_initial = 38.7541841949934
y_pos_initial = 25.27197284139914
z_pos_initial = 72.27506412445389
x_vel_initial = -3.9502497592812285
y_vel_initial = 9.146305482531137
z_vel_initial = -4.884654644986787