gravity = 10.0
x_pos_initial = 67.09705541534079
y_pos_initial = 66.06631409609116
z_pos_initial = 9.444872036658381
x_vel_initial = 4.910316207565252
y_vel_initial = -9.991327467985611
z_vel_initial = -0.46472674715021967
num_bounces = 5
