gravity = 0.0
x_pos_initial = 62.11824441402444
y_pos_initial = 77.59644357481616
z_pos_initial = 56.527874628838106
x_vel_initial = -0.15646900753804083
y_vel_initial = -9.915383743819397
z_vel_initial = 0.4051931138531515
num_bounces = 1
