gravity = 10.0
x_pos_initial = 73.40533679623529
y_pos_initial = 25.058257557025975
z_pos_initial = 7.741257489522093
x_vel_initial = 5.209044791193367
y_vel_initial = 7.148148209751458
z_vel_initial = 6.448209811515934