gravity = 0.0
x_pos_initial = 61.02702716234829
y_pos_initial = 58.66013884088316
z_pos_initial = 25.033751050163556
x_vel_initial = 8.07854035724915
y_vel_initial = 8.957564203880427
z_vel_initial = 1.2453435566007514