gravity = 10.0
x_pos_initial = 6.7407556507025115
y_pos_initial = 73.8164490262263
z_pos_initial = 4.8687915086286315
x_vel_initial = 2.661153245000099
y_vel_initial = 5.423024907203947
z_vel_initial = 9.148489732369068
num_bounces = 7
