gravity = 0.0
x_pos_initial = 26.772854750076963
y_pos_initial = 56.671061483146474
z_pos_initial = 8.261979083670331
x_vel_initial = 3.756851764915991
y_vel_initial = 1.7236087660320898
z_vel_initial = -1.6554975220201236
num_bounces = 1
