gravity = 0.5
x_pos_initial = 78.3536870677897
y_pos_initial = 47.02751158556453
z_pos_initial = 71.9299385747365
x_vel_initial = -3.0833994679571175
y_vel_initial = -5.383121740100372
z_vel_initial = -2.437081717839254
num_bounces = 16
