gravity = 10.0
x_pos_initial = 48.47106835008956
y_pos_initial = 56.39264186161806
z_pos_initial = 8.864419174561785
x_vel_initial = -0.66223870870461
y_vel_initial = -7.299613306203126
z_vel_initial = -4.560060378308119