gravity = 0.5
x_pos_initial = 94.4483914596981
y_pos_initial = 25.930323044279035
z_pos_initial = 47.87352313276335
x_vel_initial = -4.273631855887064
y_vel_initial = -4.706810229174383
z_vel_initial = 7.253265445770282
num_bounces = 14
