gravity = 0.0
x_pos_initial = 25.78192577939324
y_pos_initial = 52.1717278956506
z_pos_initial = 97.48688092914045
x_vel_initial = -3.0041248400140006
y_vel_initial = 3.902335847586862
z_vel_initial = 3.705826046504157
num_bounces = 3
