gravity = 0.5
x_pos_initial = 27.809893642351085
y_pos_initial = 1.9470190597869612
z_pos_initial = 55.010819837244874
x_vel_initial = 2.667814173691527
y_vel_initial = -7.856220307755866
z_vel_initial = 7.55294141835402
num_bounces = 6
