gravity = 10.0
x_pos_initial = 25.502964324755176
y_pos_initial = 91.36891308063488
z_pos_initial = 40.30042287059139
x_vel_initial = -3.161985826271316
y_vel_initial = -3.9025036790574905
z_vel_initial = -2.894675107745414