gravity = 0.0
x_pos_initial = 61.541580001928
y_pos_initial = 7.978840266651342
z_pos_initial = 30.515009522509803
x_vel_initial = 9.808346450007122
y_vel_initial = 3.5788671984479414
z_vel_initial = 3.0064138178868376