gravity = 0.0
x_pos_initial = 66.51822961992725
y_pos_initial = 40.25289313142509
z_pos_initial = 39.15695013737129
x_vel_initial = 3.0159129289271913
y_vel_initial = 6.267989906251383
z_vel_initial = 4.268583351483997