gravity = 0.0
x_pos_initial = 6.007307759577999
y_pos_initial = 39.25233629447873
z_pos_initial = 96.46391772845764
x_vel_initial = -4.031177034571143
y_vel_initial = 9.788371739557569
z_vel_initial = 0.7243499115400045