gravity = 10.0
x_pos_initial = 79.85124605368848
y_pos_initial = 88.18553624407298
z_pos_initial = 24.43104441431564
x_vel_initial = 9.320795906978447
y_vel_initial = 9.332244131826116
z_vel_initial = 1.4097593832811448
num_bounces = 8
