gravity = 0.5
x_pos_initial = 86.92995889793784
y_pos_initial = 18.14518039685196
z_pos_initial = 74.13346065589204
x_vel_initial = 6.554028708087493
y_vel_initial = -1.517759289647561
z_vel_initial = -8.381613937595096
num_bounces = 16
