gravity = 0.0
x_pos_initial = 36.21224555441549
y_pos_initial = 55.95296728540667
z_pos_initial = 8.61811587615972
x_vel_initial = -0.13753962835903266
y_vel_initial = 9.470175343365895
z_vel_initial = -9.673351253179435
num_bounces = 4
