gravity = 0.5
x_pos_initial = 68.76632092369323
y_pos_initial = 12.250449223304916
z_pos_initial = 70.02112818932369
x_vel_initial = 1.7180691097169252
y_vel_initial = 5.872121204602259
z_vel_initial = -9.934909172112059