gravity = 10.0
x_pos_initial = 60.408518053200744
y_pos_initial = 1.024382286068863
z_pos_initial = 20.33566435173003
x_vel_initial = -1.776806168837771
y_vel_initial = -4.6416326636181156
z_vel_initial = 4.3215745472101545