gravity = 10.0
x_pos_initial = 88.29589946091879
y_pos_initial = 36.699008556047794
z_pos_initial = 64.95901754951852
x_vel_initial = 2.8700065161661463
y_vel_initial = -5.627758007932305
z_vel_initial = -4.059939231024979
num_bounces = 7
