gravity = 0.5
x_pos_initial = 71.66221660471224
y_pos_initial = 52.96949011178092
z_pos_initial = 71.61827924478429
x_vel_initial = 0.8395122267669848
y_vel_initial = -9.276939489036772
z_vel_initial = 2.338245682943672
num_bounces = 17
