gravity = 0.5
x_pos_initial = 16.56685380489064
y_pos_initial = 59.7821385950598
z_pos_initial = 1.4088402199896253
x_vel_initial = -1.0823528114492014
y_vel_initial = -0.292943739236744
z_vel_initial = -6.493218281588025
num_bounces = 23
