gravity = 0.5
x_pos_initial = 28.957188577252147
y_pos_initial = 94.24399035032206
z_pos_initial = 14.607656427653923
x_vel_initial = -9.852500937963484
y_vel_initial = -7.724399404256822
z_vel_initial = 1.0567228563325912