gravity = 0.0
x_pos_initial = 53.95255403461281
y_pos_initial = 23.12292781468527
z_pos_initial = 26.485290007598692
x_vel_initial = 5.415234783865735
y_vel_initial = 2.887608954628835
z_vel_initial = -4.468511746774124