gravity = 10.0
x_pos_initial = 67.55289289894431
y_pos_initial = 13.94156228280725
z_pos_initial = 36.30491740668701
x_vel_initial = 0.042670471705081425
y_vel_initial = 0.3350550132489971
z_vel_initial = 1.9614720288928709