gravity = 0.5
x_pos_initial = 34.058131485064024
y_pos_initial = 33.94109061375343
z_pos_initial = 21.610655777249814
x_vel_initial = 0.3629754343947571
y_vel_initial = 2.4021680727501433
z_vel_initial = -3.2505710387336144