gravity = 0.0
x_pos_initial = 99.34678297922089
y_pos_initial = 90.54885537408889
z_pos_initial = 59.989824398946205
x_vel_initial = 0.43437244395640384
y_vel_initial = -3.911721661855559
z_vel_initial = 7.962519237526262