gravity = 10.0
x_pos_initial = 35.4425917059674
y_pos_initial = 23.517165934095352
z_pos_initial = 4.949498926409153
x_vel_initial = -8.41380737503562
y_vel_initial = 3.2854553122482777
z_vel_initial = -9.843040098475972