gravity = 0.0
x_pos_initial = 86.47768118063136
y_pos_initial = 14.357939363575218
z_pos_initial = 16.640486294051257
x_vel_initial = -2.7458053005512024
y_vel_initial = 3.667504319831478
z_vel_initial = -8.92972005378399