gravity = 0.0
x_pos_initial = 78.18764644985613
y_pos_initial = 33.4742752449235
z_pos_initial = 33.793749489722785
x_vel_initial = -9.266560510509992
y_vel_initial = 7.457023162336853
z_vel_initial = 9.457875290023111
num_bounces = 3
