gravity = 0.0
x_pos_initial = 77.13246414374598
y_pos_initial = 88.8772286894381
z_pos_initial = 54.395364194059965
x_vel_initial = 4.987452141441189
y_vel_initial = 9.435692079484877
z_vel_initial = -9.910116945626037
num_bounces = 5
