gravity = 0.5
x_pos_initial = 5.097243934443795
y_pos_initial = 65.99732419408218
z_pos_initial = 62.437595311795064
x_vel_initial = -6.521717015514321
y_vel_initial = -1.5493399846538196
z_vel_initial = 6.993566871295723
num_bounces = 20
