gravity = 0.0
x_pos_initial = 24.50123241344465
y_pos_initial = 38.0567681907423
z_pos_initial = 37.92574688282222
x_vel_initial = -5.080380903493803
y_vel_initial = -3.7270226265507986
z_vel_initial = -7.4228853426641495