gravity = 10.0
x_pos_initial = 98.50182981241775
y_pos_initial = 2.026530070257273
z_pos_initial = 2.7090678081315045
x_vel_initial = -1.165281203468055
y_vel_initial = -9.484598453883065
z_vel_initial = 5.9135538024431185