gravity = 10.0
x_pos_initial = 16.59793247210324
y_pos_initial = 45.06768016038055
z_pos_initial = 16.16030082552366
x_vel_initial = 2.8707825134793303
y_vel_initial = -6.180576946987896
z_vel_initial = -4.354500743567134