gravity = 0.5
x_pos_initial = 63.164619823003314
y_pos_initial = 9.273531728294046
z_pos_initial = 67.41324777827586
x_vel_initial = 5.266201754622706
y_vel_initial = 5.867015759511995
z_vel_initial = -3.343640255351506
num_bounces = 13
