gravity = 10.0
x_pos_initial = 95.94873583688472
y_pos_initial = 94.1468502317162
z_pos_initial = 49.383359215650806
x_vel_initial = -1.5615122946996127
y_vel_initial = 5.192658513683041
z_vel_initial = 1.6403090901834059
num_bounces = 4
