gravity = 0.0
x_pos_initial = 0.14428419133653725
y_pos_initial = 47.15097421919128
z_pos_initial = 18.237391852701762
x_vel_initial = 2.224476997243322
y_vel_initial = -1.4215705198730717
z_vel_initial = 9.03878605612806
num_bounces = 1
