gravity = 0.0
x_pos_initial = 60.598516590462566
y_pos_initial = 68.52426391940618
z_pos_initial = 24.355400787483827
x_vel_initial = 9.336002144843928
y_vel_initial = -0.35688809907875374
z_vel_initial = -3.1684325189193725