gravity = 0.0
x_pos_initial = 79.38550091897172
y_pos_initial = 98.05923465187779
z_pos_initial = 58.605647092103496
x_vel_initial = 4.800364140586723
y_vel_initial = 0.8785363036795193
z_vel_initial = 3.498259282196507