gravity = 10.0
x_pos_initial = 51.27076046166117
y_pos_initial = 28.344650914413368
z_pos_initial = 64.1497599272129
x_vel_initial = -3.056978698381199
y_vel_initial = -3.4336472466394437
z_vel_initial = -8.73244988368575
num_bounces = 5
