gravity = 10.0
x_pos_initial = 61.237070798374226
y_pos_initial = 49.06700848817917
z_pos_initial = 81.07460266275892
x_vel_initial = -0.8652522997817762
y_vel_initial = 0.8983105725062757
z_vel_initial = 3.890885424436405