gravity = 0.0
x_pos_initial = 29.972287870789803
y_pos_initial = 24.039014381827414
z_pos_initial = 81.92936851040344
x_vel_initial = 0.8699333968434306
y_vel_initial = -4.478480007243213
z_vel_initial = -4.8487236625950345
num_bounces = 2
