gravity = 0.0
x_pos_initial = 72.84058811483109
y_pos_initial = 88.05035124221725
z_pos_initial = 84.66418883323705
x_vel_initial = 0.964105399841694
y_vel_initial = -9.513026102327082
z_vel_initial = 9.170583771351527
num_bounces = 3
