gravity = 0.0
x_pos_initial = 1.7785560135078549
y_pos_initial = 82.12851674515521
z_pos_initial = 19.174244382673088
x_vel_initial = 6.622645831779042
y_vel_initial = -4.342857174934555
z_vel_initial = -5.3379382556492105
num_bounces = 2
