gravity = 0.0
x_pos_initial = 77.75317822823092
y_pos_initial = 59.06344120717983
z_pos_initial = 97.11117455831737
x_vel_initial = 1.380502998333414
y_vel_initial = -5.878522150242191
z_vel_initial = 6.567150102978022