gravity = 0.0
x_pos_initial = 59.70588546875657
y_pos_initial = 66.50093879771147
z_pos_initial = 43.5683387998669
x_vel_initial = -9.624097312189267
y_vel_initial = -6.096629353554182
z_vel_initial = 3.113397342923248
num_bounces = 3
