gravity = 0.0
x_pos_initial = 33.111232699867436
y_pos_initial = 33.13277743824306
z_pos_initial = 4.2639665054522915
x_vel_initial = -5.418262666757954
y_vel_initial = 7.851409554798636
z_vel_initial = 4.050376998174853
num_bounces = 2
