gravity = 0.0
x_pos_initial = 76.40139728690808
y_pos_initial = 21.103636629968378
z_pos_initial = 92.45077048354241
x_vel_initial = 1.4150435336804712
y_vel_initial = -4.026901975818034
z_vel_initial = 2.2569255257850607