gravity = 0.0
x_pos_initial = 22.87492047739769
y_pos_initial = 54.62018531098446
z_pos_initial = 43.950767908601605
x_vel_initial = -7.3238003726994165
y_vel_initial = -7.138611087180124
z_vel_initial = -6.819415839810225
num_bounces = 4
