gravity = 0.0
x_pos_initial = 61.04428591504468
y_pos_initial = 0.2430297830090371
z_pos_initial = 19.08047097136769
x_vel_initial = 9.169523322014438
y_vel_initial = 0.7524083390037948
z_vel_initial = 6.248032223741202