gravity = 0.0
x_pos_initial = 60.13219883097534
y_pos_initial = 42.58072503894605
z_pos_initial = 16.92040812916737
x_vel_initial = -1.9458691163033084
y_vel_initial = 3.068435393862396
z_vel_initial = -9.662372647629507
num_bounces = 2
