gravity = 0.5
x_pos_initial = 23.60535148919283
y_pos_initial = 14.915271217646303
z_pos_initial = 71.7584134213037
x_vel_initial = 8.391472662611275
y_vel_initial = -2.086438661432463
z_vel_initial = 4.579734312085714