gravity = 0.5
x_pos_initial = 76.71883116559526
y_pos_initial = 67.32741177627283
z_pos_initial = 52.421930470760365
x_vel_initial = -8.463411380429678
y_vel_initial = 4.545552494764969
z_vel_initial = 7.711604817295932