gravity = 0.0
x_pos_initial = 15.510539564470855
y_pos_initial = 18.789483287708318
z_pos_initial = 84.46498535969685
x_vel_initial = -4.696069367745189
y_vel_initial = -2.437033018271003
z_vel_initial = 9.62914999974322