gravity = 0.0
x_pos_initial = 37.06580660530692
y_pos_initial = 10.67250262165524
z_pos_initial = 26.78047637882502
x_vel_initial = -7.908626728744393
y_vel_initial = -9.872939485755618
z_vel_initial = -4.8267615047495305
num_bounces = 4
