gravity = 0.5
x_pos_initial = 44.16443593398095
y_pos_initial = 4.1042894265591245
z_pos_initial = 73.22202647393314
x_vel_initial = 9.424215298129194
y_vel_initial = -6.713971288784798
z_vel_initial = -4.203607006678609