gravity = 0.0
x_pos_initial = 75.34744948556525
y_pos_initial = 27.50373219736229
z_pos_initial = 31.81600173096672
x_vel_initial = 6.504652949559752
y_vel_initial = -2.8627333710829133
z_vel_initial = 2.6996957202198804
num_bounces = 2
