gravity = 10.0
x_pos_initial = 64.79198536574337
y_pos_initial = 77.92041374949238
z_pos_initial = 92.50683265724274
x_vel_initial = -4.053147424730386
y_vel_initial = 9.011081164444356
z_vel_initial = -9.91650721118747
num_bounces = 8
