gravity = 0.5
x_pos_initial = 74.75041772874029
y_pos_initial = 90.47227566218051
z_pos_initial = 91.04639570112415
x_vel_initial = -5.7111593707162
y_vel_initial = 0.7905560443701027
z_vel_initial = -3.9140776906801777