gravity = 0.5
x_pos_initial = 53.929898302104725
y_pos_initial = 66.63181691235486
z_pos_initial = 7.900356437758814
x_vel_initial = 3.0091536129356697
y_vel_initial = 9.37420871065034
z_vel_initial = 1.6919782309307934