gravity = 10.0
x_pos_initial = 93.40750347354795
y_pos_initial = 36.77309587707636
z_pos_initial = 49.330366390141975
x_vel_initial = 8.025995616459547
y_vel_initial = -8.5734887636198
z_vel_initial = 2.755412149104126