gravity = 0.0
x_pos_initial = 30.519048053065262
y_pos_initial = 25.665561067489698
z_pos_initial = 13.314790774882429
x_vel_initial = 6.019076385155323
y_vel_initial = -2.8948670207563616
z_vel_initial = 6.525646617415926
num_bounces = 3
