gravity = 10.0
x_pos_initial = 78.54989144710802
y_pos_initial = 0.2763011129333798
z_pos_initial = 24.776435874967614
x_vel_initial = 4.850595251459559
y_vel_initial = 2.9574590802333915
z_vel_initial = -3.2935807917954234
num_bounces = 3
