gravity = 0.0
x_pos_initial = 26.36252930610785
y_pos_initial = 35.96200172274746
z_pos_initial = 77.50819878085736
x_vel_initial = 7.728736548972691
y_vel_initial = -3.37118869780849
z_vel_initial = 0.18231134918641345