gravity = 0.0
x_pos_initial = 82.88549471131697
y_pos_initial = 33.886462416532694
z_pos_initial = 73.35990322814999
x_vel_initial = -5.147509117467587
y_vel_initial = 5.005085559351512
z_vel_initial = -2.9396375641575716
num_bounces = 2
