gravity = 10.0
x_pos_initial = 9.94292627105381
y_pos_initial = 23.540998799361063
z_pos_initial = 14.80525012560173
x_vel_initial = 8.697097241943208
y_vel_initial = -8.254468738202581
z_vel_initial = 9.193438994865513