gravity = 0.0
x_pos_initial = 54.514802594178526
y_pos_initial = 51.327351323730554
z_pos_initial = 85.00157267934324
x_vel_initial = 0.2271604218952632
y_vel_initial = 7.390450451297625
z_vel_initial = 4.388685609871326
num_bounces = 2
