gravity = 10.0
x_pos_initial = 26.545720552862818
y_pos_initial = 28.00283543745403
z_pos_initial = 96.92800401856769
x_vel_initial = 6.717136869799457
y_vel_initial = -5.056773176028333
z_vel_initial = 0.8870922488430732