gravity = 10.0
x_pos_initial = 6.804404188578354
y_pos_initial = 71.57149291368279
z_pos_initial = 57.783686717539304
x_vel_initial = 8.171515027550154
y_vel_initial = 1.51849185005808
z_vel_initial = 8.790808243193045
num_bounces = 9
