gravity = 10.0
x_pos_initial = 71.75023522902355
y_pos_initial = 71.42560707589269
z_pos_initial = 73.57518055505665
x_vel_initial = -9.058397779583263
y_vel_initial = -7.764388162959434
z_vel_initial = 4.224141688343691