gravity = 0.0
x_pos_initial = 32.775738021907905
y_pos_initial = 9.996464231884666
z_pos_initial = 6.6993813022923625
x_vel_initial = 2.456740369544365
y_vel_initial = -4.7246307773318375
z_vel_initial = -4.646571262870112
num_bounces = 2
