gravity = 0.5
x_pos_initial = 53.945690700566516
y_pos_initial = 89.98447493163516
z_pos_initial = 9.386192199717005
x_vel_initial = 9.027845085808462
y_vel_initial = -9.36380359723544
z_vel_initial = -9.88930475506323
num_bounces = 20
