gravity = 0.0
x_pos_initial = 95.79316151089618
y_pos_initial = 2.6414700757111564
z_pos_initial = 35.560486473520875
x_vel_initial = 8.419418402091122
y_vel_initial = 4.125017122988124
z_vel_initial = -4.431113903784563
num_bounces = 3
