gravity = 10.0
x_pos_initial = 19.030081194084254
y_pos_initial = 10.475089644944127
z_pos_initial = 25.693176056961427
x_vel_initial = -2.437876461189033
y_vel_initial = -9.669387737113922
z_vel_initial = 8.956533936743764
num_bounces = 4
