gravity = 10.0
x_pos_initial = 55.490617361269514
y_pos_initial = 24.186850188577086
z_pos_initial = 27.827708979126314
x_vel_initial = -2.7416909183825178
y_vel_initial = 6.037535172956854
z_vel_initial = -5.978542260289932