gravity = 0.0
x_pos_initial = 57.53364954184423
y_pos_initial = 4.24036138954451
z_pos_initial = 37.93666825229975
x_vel_initial = -5.10182388610323
y_vel_initial = 2.498264729528719
z_vel_initial = 4.474585324819245
num_bounces = 2
