gravity = 10.0
x_pos_initial = 47.736031269788526
y_pos_initial = 46.35669189035035
z_pos_initial = 21.455011428999384
x_vel_initial = 8.168277600157893
y_vel_initial = -9.311005521831879
z_vel_initial = 0.21570891968306505
num_bounces = 6
