gravity = 0.5
x_pos_initial = 76.84771382637201
y_pos_initial = 21.851281007950817
z_pos_initial = 26.879203553426084
x_vel_initial = 5.631347550395155
y_vel_initial = 9.531136460065344
z_vel_initial = -0.18110907950164368