gravity = 0.0
x_pos_initial = 6.621888911424668
y_pos_initial = 37.528836464950196
z_pos_initial = 90.99690454855384
x_vel_initial = 1.1937601145414476
y_vel_initial = 1.4144369370098389
z_vel_initial = -7.507998341257249
num_bounces = 1
