gravity = 0.0
x_pos_initial = 95.97102019894123
y_pos_initial = 54.97871235295849
z_pos_initial = 32.32802556624999
x_vel_initial = -4.607952011074332
y_vel_initial = 1.2017833966986018
z_vel_initial = 6.897464616545491
num_bounces = 1
