gravity = 10.0
x_pos_initial = 88.54808164174922
y_pos_initial = 54.622768782934926
z_pos_initial = 37.19061061806984
x_vel_initial = 8.248723779103791
y_vel_initial = -1.9693993396640739
z_vel_initial = -8.944855549838012
num_bounces = 9
