gravity = 0.0
x_pos_initial = 11.99585477553177
y_pos_initial = 31.147069976360022
z_pos_initial = 64.58069120622488
x_vel_initial = 3.755835724786259
y_vel_initial = -6.750331257898192
z_vel_initial = 4.902087250879871