gravity = 10.0
x_pos_initial = 67.89653844893559
y_pos_initial = 12.799198004498672
z_pos_initial = 72.9976172754074
x_vel_initial = -7.91592931591539
y_vel_initial = -2.288549885936882
z_vel_initial = -6.298149385496109