gravity = 0.5
x_pos_initial = 55.56665118053772
y_pos_initial = 83.85016768772502
z_pos_initial = 6.081910980087077
x_vel_initial = 6.243075247198494
y_vel_initial = 6.531344139089434
z_vel_initial = -8.318871051027081
num_bounces = 20
