gravity = 0.0
x_pos_initial = 2.1820343982255928
y_pos_initial = 16.801945727675584
z_pos_initial = 78.68422677850528
x_vel_initial = 5.330084849357821
y_vel_initial = 2.4189284256678576
z_vel_initial = 7.991783482421045
num_bounces = 2
