gravity = 10.0
x_pos_initial = 47.523674404507425
y_pos_initial = 73.34558648023332
z_pos_initial = 59.18074407429175
x_vel_initial = -9.403104869563279
y_vel_initial = -1.0570928772881647
z_vel_initial = -0.1502568617355422
num_bounces = 8
