gravity = 0.0
x_pos_initial = 86.55795930124681
y_pos_initial = 28.953817461488057
z_pos_initial = 88.05046786579415
x_vel_initial = 0.6310614872573961
y_vel_initial = 2.8734473886243883
z_vel_initial = 2.3895325012607653