gravity = 0.5
x_pos_initial = 49.85044942614897
y_pos_initial = 41.93869753538099
z_pos_initial = 63.315580186860515
x_vel_initial = -0.06584595691331963
y_vel_initial = 8.381527442425718
z_vel_initial = 8.643467164436032