gravity = 0.5
x_pos_initial = 7.239143591301293
y_pos_initial = 14.726624698767392
z_pos_initial = 63.15293724064886
x_vel_initial = -6.006761274723425
y_vel_initial = -3.823627326365699
z_vel_initial = -5.61920742460014
num_bounces = 16
