gravity = 0.5
x_pos_initial = 65.98127316319578
y_pos_initial = 71.1353814923489
z_pos_initial = 27.62274564422619
x_vel_initial = 7.334322198071153
y_vel_initial = -6.395609513840814
z_vel_initial = 2.3840150779306555
num_bounces = 20
