gravity = 0.0
x_pos_initial = 96.99713643394968
y_pos_initial = 71.43303758637657
z_pos_initial = 57.17641693667637
x_vel_initial = -8.086605316556915
y_vel_initial = -7.9683039118406285
z_vel_initial = -6.095327749348896
num_bounces = 3
