gravity = 10.0
x_pos_initial = 37.418704401886075
y_pos_initial = 76.54503432783433
z_pos_initial = 4.253304983828725
x_vel_initial = 8.103360096052956
y_vel_initial = -3.1301342927854447
z_vel_initial = -0.07091411149132654
num_bounces = 5
