gravity = 10.0
x_pos_initial = 22.889220360297347
y_pos_initial = 69.20293840503554
z_pos_initial = 8.611058217501977
x_vel_initial = 0.5326101223962727
y_vel_initial = -2.3667268812231086
z_vel_initial = -5.271083680846509