gravity = 0.5
x_pos_initial = 84.57932082398648
y_pos_initial = 82.55606935852926
z_pos_initial = 35.217160664210255
x_vel_initial = -3.6987053676451804
y_vel_initial = -9.647211962345262
z_vel_initial = 2.3053237997711022