gravity = 10.0
x_pos_initial = 90.47637917765306
y_pos_initial = 31.874667498328826
z_pos_initial = 89.59127391044721
x_vel_initial = 3.523883687918744
y_vel_initial = -1.4773900904086776
z_vel_initial = 0.6441750531610229
num_bounces = 7
