gravity = 0.0
x_pos_initial = 0.780475388634669
y_pos_initial = 62.988246970540274
z_pos_initial = 38.46098429585098
x_vel_initial = 7.391698376563429
y_vel_initial = -0.33137614787447944
z_vel_initial = -0.9829343578747913
num_bounces = 1
