gravity = 0.5
x_pos_initial = 45.77048849436275
y_pos_initial = 68.24103081298786
z_pos_initial = 30.376716722221826
x_vel_initial = -3.529714739562473
y_vel_initial = 4.4153728162062755
z_vel_initial = 2.995440527879774
num_bounces = 20
