gravity = 10.0
x_pos_initial = 97.49713218798111
y_pos_initial = 5.143231488944233
z_pos_initial = 58.59095457194926
x_vel_initial = 7.201350861041547
y_vel_initial = -0.13963951557997056
z_vel_initial = 7.908062723871613
num_bounces = 4
