gravity = 10.0
x_pos_initial = 6.4899157237426754
y_pos_initial = 7.987564723819078
z_pos_initial = 4.509209148639138
x_vel_initial = 4.430750464971565
y_vel_initial = 3.3912753653728895
z_vel_initial = 5.224410533685674
num_bounces = 1
