gravity = 0.0
x_pos_initial = 6.692359401474569
y_pos_initial = 59.06191198360743
z_pos_initial = 53.11383301556651
x_vel_initial = 4.8546173921617
y_vel_initial = 6.148610237381622
z_vel_initial = -2.8796570694919943