gravity = 0.5
x_pos_initial = 22.097966220749328
y_pos_initial = 46.52257393825274
z_pos_initial = 8.730008881277099
x_vel_initial = -1.6096522955921735
y_vel_initial = -2.0814026215948864
z_vel_initial = -6.967390772500981