gravity = 0.0
x_pos_initial = 84.84922628735117
y_pos_initial = 87.63000789265223
z_pos_initial = 46.89614026019133
x_vel_initial = 0.24983687360210816
y_vel_initial = 2.336143284485301
z_vel_initial = -4.646059272054235