gravity = 10.0
x_pos_initial = 75.06101622777233
y_pos_initial = 76.85388534281901
z_pos_initial = 72.87359143763558
x_vel_initial = 3.7966900993624595
y_vel_initial = -8.767120062949406
z_vel_initial = 7.321409738485375
num_bounces = 6
