gravity = 0.0
x_pos_initial = 30.150651111065034
y_pos_initial = 74.57784313301582
z_pos_initial = 46.02837252493756
x_vel_initial = -4.256212708189555
y_vel_initial = -5.132250548117125
z_vel_initial = -6.533773407446502