gravity = 0.0
x_pos_initial = 12.847769220739533
y_pos_initial = 29.67214575765842
z_pos_initial = 34.03624615135154
x_vel_initial = -6.492663187545546
y_vel_initial = -1.551480773266503
z_vel_initial = 7.48610522087116
num_bounces = 3
