gravity = 10.0
x_pos_initial = 39.68017405628643
y_pos_initial = 5.251101073881824
z_pos_initial = 59.037662918492444
x_vel_initial = -8.569769339792405
y_vel_initial = 4.946584791005911
z_vel_initial = 7.701827406666389
num_bounces = 4
