gravity = 0.0
x_pos_initial = 70.60193435874703
y_pos_initial = 3.7165482449875835
z_pos_initial = 76.8247796325433
x_vel_initial = -1.3492627631946696
y_vel_initial = 4.255524634319855
z_vel_initial = 7.383403231366589
num_bounces = 2
