gravity = 0.0
x_pos_initial = 7.643340593942779
y_pos_initial = 92.19626033042665
z_pos_initial = 80.5984830912329
x_vel_initial = 5.666963243969825
y_vel_initial = -0.188123518484959
z_vel_initial = 2.1780618294985103