gravity = 0.0
x_pos_initial = 18.876945550421862
y_pos_initial = 40.4686341249349
z_pos_initial = 59.90825879685615
x_vel_initial = 9.969591342587094
y_vel_initial = -0.018351883708060512
z_vel_initial = -7.459730796564014