gravity = 0.5
x_pos_initial = 11.431325365956656
y_pos_initial = 99.51901798964458
z_pos_initial = 64.72402474876363
x_vel_initial = 6.901190049207333
y_vel_initial = -2.213790326806797
z_vel_initial = 8.630109739095015
num_bounces = 21
