gravity = 0.5
x_pos_initial = 62.5214206277623
y_pos_initial = 21.57273836772793
z_pos_initial = 41.25093463939821
x_vel_initial = 0.7464108199896842
y_vel_initial = -3.502540763742517
z_vel_initial = -5.9537298901394236