gravity = 10.0
x_pos_initial = 34.48242521779249
y_pos_initial = 95.41324369609204
z_pos_initial = 56.37312385520072
x_vel_initial = -4.118550101779322
y_vel_initial = -3.1351830570179056
z_vel_initial = -7.903017208924288