gravity = 0.0
x_pos_initial = 18.628214036529535
y_pos_initial = 24.246081948050755
z_pos_initial = 21.322971731257955
x_vel_initial = -7.1653878017486505
y_vel_initial = -6.071624937664676
z_vel_initial = -7.039009179406349
num_bounces = 4
