gravity = 0.5
x_pos_initial = 99.92972043832035
y_pos_initial = 56.106935750582885
z_pos_initial = 24.189115441938846
x_vel_initial = -9.168068073979336
y_vel_initial = -3.496414867632371
z_vel_initial = -4.135347072410268