gravity = 0.0
x_pos_initial = 86.82049304386729
y_pos_initial = 79.83455746222225
z_pos_initial = 29.222236832881308
x_vel_initial = -1.268117111409051
y_vel_initial = -1.1689620154403872
z_vel_initial = 9.564601109184732
num_bounces = 1
