gravity = 0.5
x_pos_initial = 70.25930249683121
y_pos_initial = 97.10389283697275
z_pos_initial = 0.2735717218722684
x_vel_initial = -9.057595011724699
y_vel_initial = -0.24397623191797635
z_vel_initial = -0.15634561753373077
num_bounces = 18
