gravity = 0.5
x_pos_initial = 58.7382759586236
y_pos_initial = 90.86243733225648
z_pos_initial = 58.50649596083446
x_vel_initial = 4.177893034733717
y_vel_initial = 2.1004373067202433
z_vel_initial = -8.160036828034833