gravity = 10.0
x_pos_initial = 79.08737532056492
y_pos_initial = 50.696705866182164
z_pos_initial = 59.71176479097351
x_vel_initial = 0.7948990386557497
y_vel_initial = 2.9532628199498063
z_vel_initial = -9.908489230906454
num_bounces = 7
