gravity = 0.0
x_pos_initial = 44.8155074980817
y_pos_initial = 38.809369851125
z_pos_initial = 43.839773250825196
x_vel_initial = 0.8001171477097913
y_vel_initial = 9.224646148855015
z_vel_initial = -6.679472900209244