gravity = 0.0
x_pos_initial = 0.5393186574499482
y_pos_initial = 71.87711212268363
z_pos_initial = 86.12047842333828
x_vel_initial = -2.042962978584729
y_vel_initial = 1.9410782796714336
z_vel_initial = -7.874348943817972
num_bounces = 3
