gravity = 0.0
x_pos_initial = 0.3325958366582771
y_pos_initial = 4.44253483703271
z_pos_initial = 39.75802639537793
x_vel_initial = -4.976424704698509
y_vel_initial = 8.626294933257675
z_vel_initial = 4.689688047300402