gravity = 0.0
x_pos_initial = 27.61303753476745
y_pos_initial = 98.14680802950011
z_pos_initial = 50.41212463530819
x_vel_initial = -0.9122365361079208
y_vel_initial = 0.47215837225051516
z_vel_initial = -0.2769836695256931
num_bounces = 1
