gravity = 10.0
x_pos_initial = 99.3184418137901
y_pos_initial = 89.39140540819311
z_pos_initial = 7.769383137538544
x_vel_initial = -5.460154995049469
y_vel_initial = 0.08943824752578244
z_vel_initial = -2.8491686588061995