gravity = 0.5
x_pos_initial = 58.14798055380346
y_pos_initial = 72.0345906962848
z_pos_initial = 43.54729415674147
x_vel_initial = 5.8752242800933345
y_vel_initial = 7.084893155386819
z_vel_initial = 1.3199178544218988