gravity = 0.5
x_pos_initial = 93.32842586980503
y_pos_initial = 66.14698625472201
z_pos_initial = 28.223543058205994
x_vel_initial = 9.452247075030026
y_vel_initial = -9.635361441428175
z_vel_initial = 4.904717377517654
num_bounces = 21
