gravity = 10.0
x_pos_initial = 93.01596955408327
y_pos_initial = 80.45566453598599
z_pos_initial = 51.352246835007115
x_vel_initial = -7.4021928611901195
y_vel_initial = -2.967890000500816
z_vel_initial = 1.6523117609417142