gravity = 0.0
x_pos_initial = 84.35211300802744
y_pos_initial = 46.92125519712272
z_pos_initial = 58.2304093131581
x_vel_initial = -4.939831897321222
y_vel_initial = -3.875624602609152
z_vel_initial = -8.483693251177423