gravity = 0.0
x_pos_initial = 20.1822344534032
y_pos_initial = 78.294158520019
z_pos_initial = 56.48724008297189
x_vel_initial = -6.069270045961808
y_vel_initial = 6.649081282850478
z_vel_initial = 7.7352707546870505