gravity = 10.0
x_pos_initial = 16.756339906245792
y_pos_initial = 15.689468314335125
z_pos_initial = 10.789897916910938
x_vel_initial = 9.061590359473374
y_vel_initial = 6.911968943007
z_vel_initial = 3.771278608027723
num_bounces = 4
