gravity = 0.0
x_pos_initial = 22.97026302093967
y_pos_initial = 77.43201736486905
z_pos_initial = 40.25074556504208
x_vel_initial = 0.13595286319508126
y_vel_initial = -9.822513636775987
z_vel_initial = 7.871202001663168