gravity = 0.0
x_pos_initial = 46.65752950173607
y_pos_initial = 69.82468926541648
z_pos_initial = 66.01919474735085
x_vel_initial = -8.143022495446786
y_vel_initial = 8.09019867305009
z_vel_initial = 2.5671715411688965