gravity = 10.0
x_pos_initial = 73.89217522376953
y_pos_initial = 98.41330867894739
z_pos_initial = 31.17857674236965
x_vel_initial = 3.1736292840199223
y_vel_initial = -1.5359273773886457
z_vel_initial = 8.686098969294154
num_bounces = 6
