gravity = 0.0
x_pos_initial = 16.142360215466745
y_pos_initial = 19.32912856399399
z_pos_initial = 70.1580252186779
x_vel_initial = 8.58598406300666
y_vel_initial = -1.2186355586767323
z_vel_initial = -5.412979271086541
num_bounces = 3
