gravity = 0.0
x_pos_initial = 47.5757303791202
y_pos_initial = 57.96907607273098
z_pos_initial = 96.24941781794793
x_vel_initial = -9.809206824948141
y_vel_initial = -0.4575054836678145
z_vel_initial = -2.9250187064235273
num_bounces = 2
