gravity = 0.0
x_pos_initial = 68.72977121881134
y_pos_initial = 95.26187560559346
z_pos_initial = 45.53390727408377
x_vel_initial = 2.3825971246239828
y_vel_initial = 1.2718739388817646
z_vel_initial = 2.617676390984517