gravity = 0.0
x_pos_initial = 34.56382502557769
y_pos_initial = 53.36216591792865
z_pos_initial = 9.742659146405197
x_vel_initial = 3.355463088825827
y_vel_initial = -7.143672696337271
z_vel_initial = 6.729864055871303
num_bounces = 2
