gravity = 0.0
x_pos_initial = 72.82792093608312
y_pos_initial = 73.88620951256274
z_pos_initial = 25.62685805565343
x_vel_initial = -4.758455784316244
y_vel_initial = -4.562405892414332
z_vel_initial = -4.9769346625351805