gravity = 0.0
x_pos_initial = 44.69104932055818
y_pos_initial = 89.17681549986415
z_pos_initial = 16.49655627693423
x_vel_initial = 0.6859520739090321
y_vel_initial = -0.40171058818754624
z_vel_initial = -7.533328185628443
num_bounces = 2
