gravity = 0.0
x_pos_initial = 8.43776291069806
y_pos_initial = 58.50314864097729
z_pos_initial = 41.14487305645286
x_vel_initial = 8.309415836070727
y_vel_initial = -5.765868902482816
z_vel_initial = -7.386695849922347
num_bounces = 3
