gravity = 0.0
x_pos_initial = 38.12372828085241
y_pos_initial = 11.924548717623294
z_pos_initial = 3.8937365331798155
x_vel_initial = 7.63118150915189
y_vel_initial = -5.237007078637877
z_vel_initial = 0.4989407726255841