gravity = 0.0
x_pos_initial = 66.48485668317107
y_pos_initial = 86.40067920118237
z_pos_initial = 16.98214162813627
x_vel_initial = 2.0316301734788276
y_vel_initial = 0.7645661205143703
z_vel_initial = -1.296728119193748