gravity = 0.0
x_pos_initial = 58.76153980358439
y_pos_initial = 88.21076383425508
z_pos_initial = 79.95677464188664
x_vel_initial = 0.22436917194566064
y_vel_initial = 7.752894044815147
z_vel_initial = 3.2191245880433357
num_bounces = 3
