gravity = 0.5
x_pos_initial = 87.8471975816401
y_pos_initial = 63.03440180415248
z_pos_initial = 37.52866308772876
x_vel_initial = -4.400640491036939
y_vel_initial = 6.639538293572084
z_vel_initial = 5.763987473491097