gravity = 10.0
x_pos_initial = 39.04937039259496
y_pos_initial = 74.43665583441611
z_pos_initial = 41.58634531216313
x_vel_initial = 2.0258579614596144
y_vel_initial = 6.6483448752270995
z_vel_initial = 6.241759982967263