gravity = 0.0
x_pos_initial = 84.70329443114842
y_pos_initial = 56.47865098191936
z_pos_initial = 94.21428720255972
x_vel_initial = -5.991969739110059
y_vel_initial = 9.558588612219669
z_vel_initial = -6.447014569263834
num_bounces = 4
