gravity = 0.5
x_pos_initial = 41.891850793650924
y_pos_initial = 7.970663300802854
z_pos_initial = 69.3950495146349
x_vel_initial = -4.625969814302411
y_vel_initial = -8.816640066763572
z_vel_initial = -2.827061256906635
num_bounces = 12
