gravity = 10.0
x_pos_initial = 55.86514513844006
y_pos_initial = 84.35001090240377
z_pos_initial = 16.6072394948894
x_vel_initial = 0.5776795872719305
y_vel_initial = -6.292071709147004
z_vel_initial = -4.353315482244501