gravity = 0.0
x_pos_initial = 53.6159259372463
y_pos_initial = 49.370774663422225
z_pos_initial = 25.578541885591385
x_vel_initial = 2.1366162734751093
y_vel_initial = -2.2947293876549804
z_vel_initial = 6.708236958181086