gravity = 0.5
x_pos_initial = 30.538939264045744
y_pos_initial = 48.63793389051564
z_pos_initial = 57.87333812002931
x_vel_initial = -2.3130415879022515
y_vel_initial = 9.476551422283475
z_vel_initial = 6.05797507090832