gravity = 0.0
x_pos_initial = 88.480973847251
y_pos_initial = 12.797184700325893
z_pos_initial = 0.2016862203106803
x_vel_initial = -0.2481175356616987
y_vel_initial = -7.648659815849591
z_vel_initial = 5.7688545887763