gravity = 0.0
x_pos_initial = 17.737268209729113
y_pos_initial = 46.754861790444885
z_pos_initial = 49.015694332761086
x_vel_initial = 7.8663644542105615
y_vel_initial = -6.6855230058145985
z_vel_initial = 4.262594931188
num_bounces = 3
