gravity = 0.0
x_pos_initial = 26.156451755760873
y_pos_initial = 55.51753853321627
z_pos_initial = 3.0851279622232735
x_vel_initial = 0.09226005177661278
y_vel_initial = -4.581958232615543
z_vel_initial = 6.789709836649042
num_bounces = 2
