gravity = 10.0
x_pos_initial = 54.06121712931241
y_pos_initial = 11.24996698311471
z_pos_initial = 83.98411627462254
x_vel_initial = -2.0245414742931835
y_vel_initial = 1.2942411433383043
z_vel_initial = 4.841261229950625
num_bounces = 4
