gravity = 0.5
x_pos_initial = 91.83367113026509
y_pos_initial = 12.666997049381578
z_pos_initial = 5.5264218628122
x_vel_initial = 6.51269739597404
y_vel_initial = -7.877617373838957
z_vel_initial = 4.1709597976514186