gravity = 0.0
x_pos_initial = 41.19488488170278
y_pos_initial = 9.296656452552467
z_pos_initial = 69.6389612378844
x_vel_initial = -8.503343570964798
y_vel_initial = -8.436762861607125
z_vel_initial = 9.42666239471275
num_bounces = 6
