gravity = 0.0
x_pos_initial = 65.87303980310227
y_pos_initial = 92.5574132814863
z_pos_initial = 78.68592349486153
x_vel_initial = 1.4809261227617014
y_vel_initial = -6.547545857731463
z_vel_initial = -3.2395907290236856