gravity = 0.0
x_pos_initial = 23.202576242852494
y_pos_initial = 36.51153566472464
z_pos_initial = 54.09806165209068
x_vel_initial = 2.7593541226907625
y_vel_initial = -3.8592013105581557
z_vel_initial = -3.329836882747969