gravity = 10.0
x_pos_initial = 91.9972413129002
y_pos_initial = 56.62408800005185
z_pos_initial = 87.34318830349663
x_vel_initial = 3.8977628803102427
y_vel_initial = -1.221864931249124
z_vel_initial = 1.4986533478295154