gravity = 0.5
x_pos_initial = 32.40939904437154
y_pos_initial = 81.55501008206149
z_pos_initial = 23.40814824720905
x_vel_initial = -9.353468377094561
y_vel_initial = -4.053893620854088
z_vel_initial = -0.24710145338052847
num_bounces = 23
