gravity = 10.0
x_pos_initial = 26.496812777634922
y_pos_initial = 53.32549188647974
z_pos_initial = 30.68889209352166
x_vel_initial = 2.289342865155895
y_vel_initial = -7.753655376051549
z_vel_initial = 4.57556374991905