gravity = 0.0
x_pos_initial = 56.295020161096325
y_pos_initial = 95.65458109087939
z_pos_initial = 54.436142071363264
x_vel_initial = -5.481801287341563
y_vel_initial = -7.897157211872765
z_vel_initial = -3.9710873143889094