gravity = 0.5
x_pos_initial = 96.07186860569962
y_pos_initial = 80.61543780874918
z_pos_initial = 35.00334205727063
x_vel_initial = -9.153104028041174
y_vel_initial = 0.753941490525051
z_vel_initial = -5.002298959413196