gravity = 0.0
x_pos_initial = 26.7602958136981
y_pos_initial = 63.99237047614474
z_pos_initial = 87.41421646188574
x_vel_initial = 2.525099213827726
y_vel_initial = 3.5074504912129107
z_vel_initial = -6.28363148998214
num_bounces = 2
