gravity = 10.0
x_pos_initial = 22.085058292025018
y_pos_initial = 79.17489973774113
z_pos_initial = 39.76475320106096
x_vel_initial = -9.596846734572635
y_vel_initial = -9.832836825799909
z_vel_initial = 7.8810079143968
num_bounces = 7
