gravity = 0.5
x_pos_initial = 88.87962631291212
y_pos_initial = 14.472096320623498
z_pos_initial = 72.9507664821258
x_vel_initial = -9.433547740342126
y_vel_initial = -8.76723683992969
z_vel_initial = -2.448949914540381
num_bounces = 16
