gravity = 0.5
x_pos_initial = 94.48517850859709
y_pos_initial = 61.35468076290621
z_pos_initial = 74.98885873961125
x_vel_initial = 2.9231643591455487
y_vel_initial = -4.670780427437106
z_vel_initial = -4.131228043401183