gravity = 10.0
x_pos_initial = 39.661601045749705
y_pos_initial = 39.63253054151181
z_pos_initial = 94.84682194809767
x_vel_initial = -3.356615847931284
y_vel_initial = 7.705776901306866
z_vel_initial = 0.043393325147302875
num_bounces = 6
