gravity = 0.0
x_pos_initial = 41.55705627016157
y_pos_initial = 32.20943118982171
z_pos_initial = 20.204176235718762
x_vel_initial = 9.322654379458069
y_vel_initial = -3.767244198878778
z_vel_initial = 6.5389604616196095