gravity = 10.0
x_pos_initial = 38.88209797925815
y_pos_initial = 31.95105218533684
z_pos_initial = 73.04987019280996
x_vel_initial = -1.362702145845022
y_vel_initial = 6.483224136133629
z_vel_initial = -8.410099270911836