gravity = 10.0
x_pos_initial = 94.3104033036821
y_pos_initial = 10.792724473152632
z_pos_initial = 73.49259509102104
x_vel_initial = 8.292825060634208
y_vel_initial = 0.5228165763230699
z_vel_initial = 2.5256627154449944
num_bounces = 6
