gravity = 0.5
x_pos_initial = 48.341229559601906
y_pos_initial = 90.5473575748124
z_pos_initial = 92.97866309021084
x_vel_initial = 5.751945938549776
y_vel_initial = 8.93478065699355
z_vel_initial = 5.9895825804664256