gravity = 10.0
x_pos_initial = 88.99827465260968
y_pos_initial = 97.033814565031
z_pos_initial = 38.740960196954155
x_vel_initial = 7.647951456065879
y_vel_initial = -1.5032889384264116
z_vel_initial = -6.004420913723335