gravity = 0.0
x_pos_initial = 27.28391391345007
y_pos_initial = 51.68097521168801
z_pos_initial = 72.29056808878784
x_vel_initial = -6.209528830869422
y_vel_initial = 4.4644876123189885
z_vel_initial = 5.067619758950281