gravity = 0.0
x_pos_initial = 23.431393386393708
y_pos_initial = 82.94201548708807
z_pos_initial = 84.99318657595359
x_vel_initial = 1.3098695942877399
y_vel_initial = 4.722184083195671
z_vel_initial = 7.879103049330428