gravity = 10.0
x_pos_initial = 96.18690669615503
y_pos_initial = 88.51468252960096
z_pos_initial = 7.832776143330914
x_vel_initial = 4.5121702910786645
y_vel_initial = 2.8218259635697347
z_vel_initial = 9.63937748801959