gravity = 0.0
x_pos_initial = 36.35585395854832
y_pos_initial = 71.5645958360154
z_pos_initial = 65.13752383045724
x_vel_initial = 9.109975679647565
y_vel_initial = 5.188265766600233
z_vel_initial = -9.418827018796021