gravity = 0.0
x_pos_initial = 82.67042804642975
y_pos_initial = 88.57424009397735
z_pos_initial = 9.995946078855338
x_vel_initial = 8.205056613956238
y_vel_initial = -2.3129059490366544
z_vel_initial = 9.78043327429019
num_bounces = 3
