gravity = 0.0
x_pos_initial = 76.21900958087272
y_pos_initial = 27.492077978818347
z_pos_initial = 14.924211770353395
x_vel_initial = -4.763888020400257
y_vel_initial = 8.935911978238874
z_vel_initial = 0.381734507257395
num_bounces = 2
