gravity = 0.5
x_pos_initial = 1.7913671426460749
y_pos_initial = 84.82735212747733
z_pos_initial = 97.45645019115942
x_vel_initial = -3.1240741984271807
y_vel_initial = -5.4408748002122405
z_vel_initial = 8.166106878684491
num_bounces = 25
