gravity = 0.0
x_pos_initial = 86.91999321944448
y_pos_initial = 5.190022581693366
z_pos_initial = 25.409559767828128
x_vel_initial = -2.248807703695209
y_vel_initial = -0.890865201225985
z_vel_initial = -6.88703838761903