gravity = 0.0
x_pos_initial = 42.766334576436265
y_pos_initial = 40.209791416071155
z_pos_initial = 48.022271771967645
x_vel_initial = -8.46215734119439
y_vel_initial = 8.698981718119665
z_vel_initial = 2.4794449260697107
num_bounces = 2
