gravity = 10.0
x_pos_initial = 44.77654484170635
y_pos_initial = 76.46960357944023
z_pos_initial = 58.00349380609767
x_vel_initial = 0.37994259203658487
y_vel_initial = -6.4028810154862
z_vel_initial = 9.005927521625775
num_bounces = 6
