gravity = 0.0
x_pos_initial = 90.38466853877495
y_pos_initial = 25.028858620930805
z_pos_initial = 7.361300709460184
x_vel_initial = -7.197375187874881
y_vel_initial = 8.37039087937567
z_vel_initial = 3.893079840926047