gravity = 0.0
x_pos_initial = 93.90393064413132
y_pos_initial = 65.08774764751895
z_pos_initial = 52.257463174685476
x_vel_initial = 0.4859479186864917
y_vel_initial = 3.9812882568086625
z_vel_initial = -3.8716969695188457