gravity = 10.0
x_pos_initial = 82.87203948462236
y_pos_initial = 27.218113084435846
z_pos_initial = 74.31092002588592
x_vel_initial = -2.468100061776414
y_vel_initial = 9.469149884701231
z_vel_initial = -4.045315929581889