gravity = 10.0
x_pos_initial = 85.72239829832355
y_pos_initial = 29.322294641356415
z_pos_initial = 97.34075381085044
x_vel_initial = -7.322711288361744
y_vel_initial = -1.3957587692861448
z_vel_initial = -2.4069546879037063
num_bounces = 4
