gravity = 10.0
x_pos_initial = 46.565931271231186
y_pos_initial = 25.92591917166306
z_pos_initial = 39.30047700167451
x_vel_initial = -0.2571498707983082
y_vel_initial = -6.58119267131074
z_vel_initial = -3.581841360848091