gravity = 0.0
x_pos_initial = 50.644826566113345
y_pos_initial = 62.62556387958675
z_pos_initial = 42.12250677716482
x_vel_initial = -5.9277287938662235
y_vel_initial = 4.097443762599548
z_vel_initial = 1.9170514543561428
num_bounces = 2
