gravity = 0.0
x_pos_initial = 50.736131265073816
y_pos_initial = 68.38808967421627
z_pos_initial = 34.1063742415855
x_vel_initial = 5.637454956959218
y_vel_initial = -0.7460138850468638
z_vel_initial = -2.229710170727375
num_bounces = 2
