gravity = 0.5
x_pos_initial = 53.4375173668935
y_pos_initial = 75.7581569595493
z_pos_initial = 84.36411691903794
x_vel_initial = 9.271063444738427
y_vel_initial = 3.8760852732146915
z_vel_initial = 7.410053706351757
num_bounces = 21
