gravity = 0.5
x_pos_initial = 59.49494020692269
y_pos_initial = 71.11400101046983
z_pos_initial = 73.91673343939266
x_vel_initial = -0.7341743559907421
y_vel_initial = -2.3192714857321404
z_vel_initial = 6.80677071378393