gravity = 0.0
x_pos_initial = 6.197352862838568
y_pos_initial = 5.664811464584849
z_pos_initial = 49.19781927959253
x_vel_initial = -3.6309238295011346
y_vel_initial = -9.324362091478784
z_vel_initial = -9.478135790468002