gravity = 0.5
x_pos_initial = 19.03951916656411
y_pos_initial = 64.98744216371168
z_pos_initial = 93.8336910807353
x_vel_initial = 8.951173497902932
y_vel_initial = -9.65082657794461
z_vel_initial = -5.519909118522822
num_bounces = 20
