gravity = 0.0
x_pos_initial = 12.978577811219804
y_pos_initial = 51.98265937838197
z_pos_initial = 12.411484600798401
x_vel_initial = 9.755642440134476
y_vel_initial = -9.416340443624652
z_vel_initial = -5.1658737998758815