gravity = 0.0
x_pos_initial = 0.4114986997099801
y_pos_initial = 28.450431083382338
z_pos_initial = 20.628244914181483
x_vel_initial = -7.687015114425187
y_vel_initial = 9.069791088923072
z_vel_initial = 7.215820908136919
num_bounces = 4
