gravity = 0.5
x_pos_initial = 2.655922720927495
y_pos_initial = 60.033264155133466
z_pos_initial = 87.93121623376943
x_vel_initial = -5.403638736224552
y_vel_initial = -8.325422657698429
z_vel_initial = -7.530606874382857
num_bounces = 20
