gravity = 0.0
x_pos_initial = 24.67365653514249
y_pos_initial = 3.0248913170172083
z_pos_initial = 23.022589226163973
x_vel_initial = 2.5564321402330155
y_vel_initial = -9.635710542901712
z_vel_initial = 0.26848039842506033
num_bounces = 2
