gravity = 0.0
x_pos_initial = 45.50149560305206
y_pos_initial = 80.49804618535322
z_pos_initial = 24.50244706642442
x_vel_initial = 8.941178034733593
y_vel_initial = 9.761217791502713
z_vel_initial = 0.7686048970889843
num_bounces = 3
