gravity = 0.0
x_pos_initial = 28.14882084169546
y_pos_initial = 85.12035219741095
z_pos_initial = 7.229412782834517
x_vel_initial = 3.8505857218642046
y_vel_initial = 1.6277807769703347
z_vel_initial = 7.406181280479