gravity = 0.0
x_pos_initial = 70.35575072549533
y_pos_initial = 47.093328379814274
z_pos_initial = 83.97415451666251
x_vel_initial = 0.08736225032478373
y_vel_initial = -4.74407832302051
z_vel_initial = 3.92416900335693