gravity = 0.0
x_pos_initial = 19.03622951740818
y_pos_initial = 53.49764591045369
z_pos_initial = 41.627292269500124
x_vel_initial = -9.609211993976794
y_vel_initial = 2.7438392036628727
z_vel_initial = 5.178640742998926
num_bounces = 4
