gravity = 0.0
x_pos_initial = 15.656293683040106
y_pos_initial = 64.35355992896778
z_pos_initial = 37.54483341233311
x_vel_initial = -4.390489489866236
y_vel_initial = -2.379621616333263
z_vel_initial = -5.783314322095521
num_bounces = 2
