gravity = 0.0
x_pos_initial = 55.036145291055874
y_pos_initial = 57.22204899359383
z_pos_initial = 8.253443785777616
x_vel_initial = 6.76456210554576
y_vel_initial = -3.2708171882541173
z_vel_initial = -8.105671336629321