gravity = 0.0
x_pos_initial = 21.561353870122304
y_pos_initial = 74.3904674838149
z_pos_initial = 71.95567857875186
x_vel_initial = 7.4677624148365425
y_vel_initial = 5.339523710467759
z_vel_initial = -9.569780761432362