gravity = 0.5
x_pos_initial = 93.81916223655483
y_pos_initial = 88.26520063351835
z_pos_initial = 40.76892334866233
x_vel_initial = 9.07770002251447
y_vel_initial = 1.504140225934222
z_vel_initial = -7.9296712667383975