gravity = 0.0
x_pos_initial = 73.74782757430323
y_pos_initial = 71.95350335748576
z_pos_initial = 63.152009921687494
x_vel_initial = 7.310587560311671
y_vel_initial = -4.550729143404314
z_vel_initial = -2.9167363341537946
num_bounces = 2
