gravity = 10.0
x_pos_initial = 69.10996884694808
y_pos_initial = 24.56948774236897
z_pos_initial = 20.286650519865763
x_vel_initial = -2.7656037535590494
y_vel_initial = -0.39636686706688096
z_vel_initial = -0.9095403029320934
num_bounces = 3
