gravity = 10.0
x_pos_initial = 56.70481076421059
y_pos_initial = 60.64399539425737
z_pos_initial = 46.690006069020605
x_vel_initial = -0.8411251473159229
y_vel_initial = 9.444337300114942
z_vel_initial = 2.2531431563056064
num_bounces = 6
