gravity = 0.0
x_pos_initial = 57.69077290281284
y_pos_initial = 45.19472861055804
z_pos_initial = 23.381874958315066
x_vel_initial = 5.6340900251303605
y_vel_initial = 2.2833520304069825
z_vel_initial = 7.628759384401345
num_bounces = 2
