gravity = 0.0
x_pos_initial = 26.517333146652973
y_pos_initial = 73.94871633488162
z_pos_initial = 44.710934152768324
x_vel_initial = -9.816778048741586
y_vel_initial = 8.582910305956464
z_vel_initial = 2.7469365989582837