gravity = 10.0
x_pos_initial = 89.28056864340243
y_pos_initial = 19.086533388971237
z_pos_initial = 13.01866944327362
x_vel_initial = -9.796748993254974
y_vel_initial = -2.142494506954815
z_vel_initial = -0.9113549788173572
num_bounces = 5
