gravity = 10.0
x_pos_initial = 16.369018757437775
y_pos_initial = 62.204258057930254
z_pos_initial = 90.91804429484611
x_vel_initial = 5.13354271897834
y_vel_initial = -9.910067499532445
z_vel_initial = 5.868024633306977