gravity = 0.0
x_pos_initial = 29.70385551650982
y_pos_initial = 55.70515721033492
z_pos_initial = 97.76036567493398
x_vel_initial = 8.224812824936954
y_vel_initial = 4.9674090573186795
z_vel_initial = -1.5668755773974716