gravity = 0.0
x_pos_initial = 70.5596473994441
y_pos_initial = 49.746047895088466
z_pos_initial = 12.980190748066432
x_vel_initial = 4.580712936494988
y_vel_initial = -7.2001103150773
z_vel_initial = 0.4067008569800805
num_bounces = 2
