gravity = 0.0
x_pos_initial = 48.79665731869729
y_pos_initial = 78.05872708862952
z_pos_initial = 63.821802636089764
x_vel_initial = 2.4329480892574953
y_vel_initial = 7.98207227361344
z_vel_initial = 3.2135051767738485
num_bounces = 3
