gravity = 0.0
x_pos_initial = 35.80238925589883
y_pos_initial = 44.00378358464341
z_pos_initial = 91.29173601609662
x_vel_initial = 3.817561592107129
y_vel_initial = 5.356044465895227
z_vel_initial = 3.7028636175709106