gravity = 10.0
x_pos_initial = 45.7581567108749
y_pos_initial = 34.97415158924964
z_pos_initial = 21.28817577899696
x_vel_initial = -9.714806400991737
y_vel_initial = 1.7461838756503791
z_vel_initial = 1.0778963676875204