gravity = 0.0
x_pos_initial = 87.40737852320245
y_pos_initial = 33.140276796941755
z_pos_initial = 68.19839344055734
x_vel_initial = -8.875219392109555
y_vel_initial = -4.541560225001234
z_vel_initial = -0.981104504118834