gravity = 0.5
x_pos_initial = 96.29532173091428
y_pos_initial = 15.313431671040972
z_pos_initial = 7.912210927407808
x_vel_initial = 8.720760904384036
y_vel_initial = -9.908341935401973
z_vel_initial = 7.677478660564095