gravity = 0.0
x_pos_initial = 59.074495210518975
y_pos_initial = 97.67359855727857
z_pos_initial = 27.924797177521995
x_vel_initial = 2.582419813915683
y_vel_initial = -6.652021615077258
z_vel_initial = 1.5111520577194728