gravity = 10.0
x_pos_initial = 98.87209568907414
y_pos_initial = 80.05758655075535
z_pos_initial = 42.27632686766761
x_vel_initial = 6.7109748524050055
y_vel_initial = -6.711839031142519
z_vel_initial = -4.9722655118604635
num_bounces = 7
