gravity = 0.0
x_pos_initial = 25.66822780580562
y_pos_initial = 24.645146647705214
z_pos_initial = 55.29149022963472
x_vel_initial = 5.984122334433634
y_vel_initial = 6.896122957983948
z_vel_initial = 1.4358862245323518
num_bounces = 2
