gravity = 0.0
x_pos_initial = 58.429761057124466
y_pos_initial = 42.88858914134267
z_pos_initial = 2.657598604074629
x_vel_initial = 1.5100149849812183
y_vel_initial = -4.901854769781948
z_vel_initial = -4.3310199108350735