gravity = 0.5
x_pos_initial = 1.8658677510723978
y_pos_initial = 52.39212399649044
z_pos_initial = 0.885663360554691
x_vel_initial = 0.019973362837376385
y_vel_initial = -3.510306677738468
z_vel_initial = 3.8321441817237325