gravity = 0.5
x_pos_initial = 43.535481012632026
y_pos_initial = 65.53667936887675
z_pos_initial = 86.47413112569001
x_vel_initial = 0.7310739237799488
y_vel_initial = -6.623972015535458
z_vel_initial = 9.880558676575319
num_bounces = 21
