gravity = 10.0
x_pos_initial = 71.60022159354041
y_pos_initial = 63.77605085693306
z_pos_initial = 7.501393791121827
x_vel_initial = -8.219235688889501
y_vel_initial = 8.152415537344034
z_vel_initial = 4.118610259206811
num_bounces = 7
