gravity = 0.0
x_pos_initial = 74.35409617818378
y_pos_initial = 64.01154970183106
z_pos_initial = 90.2520809006537
x_vel_initial = -3.020206570645466
y_vel_initial = 8.769226372727296
z_vel_initial = 7.294599758165319