gravity = 10.0
x_pos_initial = 13.483342855626596
y_pos_initial = 52.23809682546248
z_pos_initial = 46.61148456407197
x_vel_initial = -4.918337349491495
y_vel_initial = 4.609328200721116
z_vel_initial = 3.7822920028771136
num_bounces = 7
