gravity = 0.0
x_pos_initial = 40.84349589674128
y_pos_initial = 13.546224790421373
z_pos_initial = 3.4251221163219605
x_vel_initial = -1.2752410135524936
y_vel_initial = 1.2628061547364542
z_vel_initial = 9.72862846777548
num_bounces = 1
