gravity = 10.0
x_pos_initial = 89.7804387136072
y_pos_initial = 66.51143484242205
z_pos_initial = 12.781316461079662
x_vel_initial = -8.359170579762843
y_vel_initial = 8.726806432625676
z_vel_initial = -9.676798207963746