gravity = 0.5
x_pos_initial = 53.30748913776791
y_pos_initial = 7.346684118355623
z_pos_initial = 45.49186641998032
x_vel_initial = 6.904433613390605
y_vel_initial = -3.66655062329729
z_vel_initial = 2.7412695516474876
num_bounces = 11
