gravity = 10.0
x_pos_initial = 99.56684890457294
y_pos_initial = 7.751083625670478
z_pos_initial = 49.71207702908567
x_vel_initial = 4.435335055958456
y_vel_initial = -1.127676492033288
z_vel_initial = 9.51481305666891