gravity = 10.0
x_pos_initial = 15.506116889105385
y_pos_initial = 52.447864287244684
z_pos_initial = 79.96805764405794
x_vel_initial = 3.5362751490784063
y_vel_initial = -7.537535162423504
z_vel_initial = 1.664454576394407