gravity = 0.5
x_pos_initial = 90.16360301258973
y_pos_initial = 20.455058490778637
z_pos_initial = 97.57550127327605
x_vel_initial = -7.348743792575565
y_vel_initial = -4.818286830411981
z_vel_initial = 4.697380886117294
num_bounces = 16
