gravity = 0.0
x_pos_initial = 62.24277984690513
y_pos_initial = 86.46567826986804
z_pos_initial = 23.524016187791336
x_vel_initial = 9.033156852543538
y_vel_initial = -7.747030115994788
z_vel_initial = 3.5098610740810194