gravity = 0.0
x_pos_initial = 57.19981646217513
y_pos_initial = 53.67410654594007
z_pos_initial = 15.572070015436717
x_vel_initial = -2.7672415083384614
y_vel_initial = -3.9057422825659964
z_vel_initial = 7.072102852388525