gravity = 0.0
x_pos_initial = 98.88596814244198
y_pos_initial = 33.130342090608366
z_pos_initial = 51.20778380021121
x_vel_initial = -9.331556180697465
y_vel_initial = -8.531210517469232
z_vel_initial = 2.4422149592593403