gravity = 0.5
x_pos_initial = 30.10420277874982
y_pos_initial = 71.814677113465
z_pos_initial = 1.297908924888039
x_vel_initial = 7.773352468684482
y_vel_initial = 3.704312153793902
z_vel_initial = -7.50058850164527
num_bounces = 22
