gravity = 0.0
x_pos_initial = 21.56244065216301
y_pos_initial = 2.8592789761616446
z_pos_initial = 30.395044738206924
x_vel_initial = -4.082062481451694
y_vel_initial = 4.825599314044409
z_vel_initial = -9.54906592300317
num_bounces = 3
