gravity = 0.5
x_pos_initial = 50.00373575455679
y_pos_initial = 82.26989389460175
z_pos_initial = 47.132102738043926
x_vel_initial = -2.6017017897580272
y_vel_initial = -9.848540256754289
z_vel_initial = -9.15334496543857
num_bounces = 24
