gravity = 10.0
x_pos_initial = 2.3801108499722603
y_pos_initial = 9.009172206951582
z_pos_initial = 23.853058247065857
x_vel_initial = -2.9037618888732677
y_vel_initial = 0.01983833939517865
z_vel_initial = 9.516383924928462