gravity = 0.0
x_pos_initial = 96.4068228825649
y_pos_initial = 42.094550841390614
z_pos_initial = 62.35078071077921
x_vel_initial = 0.4915820292955182
y_vel_initial = 7.9943975931928435
z_vel_initial = 5.448830016811039
num_bounces = 3
