gravity = 0.0
x_pos_initial = 89.08940750679426
y_pos_initial = 74.74802924746287
z_pos_initial = 29.67438372844926
x_vel_initial = 3.9316436973175435
y_vel_initial = -1.3780321235544246
z_vel_initial = 1.4715873831341373
num_bounces = 1
