gravity = 10.0
x_pos_initial = 38.241048931593326
y_pos_initial = 86.18056149889455
z_pos_initial = 85.15536287432928
x_vel_initial = -8.788391518563344
y_vel_initial = 4.1102444638960165
z_vel_initial = -1.0990059082280705