gravity = 0.0
x_pos_initial = 3.145763756477064
y_pos_initial = 45.882925859956956
z_pos_initial = 97.1420299257321
x_vel_initial = 1.1678510621567977
y_vel_initial = -6.24274853181378
z_vel_initial = 4.089671877476276
num_bounces = 2
