gravity = 0.5
x_pos_initial = 29.378874743636498
y_pos_initial = 68.03570846871251
z_pos_initial = 67.93239151769896
x_vel_initial = 2.5038270961996503
y_vel_initial = 4.051399956732576
z_vel_initial = -4.927420375286378