gravity = 0.0
x_pos_initial = 99.32039286023908
y_pos_initial = 8.220893474249683
z_pos_initial = 44.13208482614128
x_vel_initial = -7.511336018184361
y_vel_initial = -6.934306343653482
z_vel_initial = 8.39145806872153
num_bounces = 4
