gravity = 0.0
x_pos_initial = 46.96759594170331
y_pos_initial = 85.36825825672186
z_pos_initial = 72.3416053969162
x_vel_initial = 8.47908733293962
y_vel_initial = -1.5832145586337951
z_vel_initial = -0.44471204342562665
num_bounces = 1
