gravity = 0.0
x_pos_initial = 10.918844711468441
y_pos_initial = 8.251307100158492
z_pos_initial = 30.436276512749544
x_vel_initial = -2.2781538870982425
y_vel_initial = -9.993351364357283
z_vel_initial = 3.2954535094039414
num_bounces = 3
