gravity = 0.0
x_pos_initial = 24.064442361795066
y_pos_initial = 75.21274696830677
z_pos_initial = 51.55037031273113
x_vel_initial = 0.3252790390260305
y_vel_initial = -9.858159688933394
z_vel_initial = -1.7019047052168457