gravity = 0.0
x_pos_initial = 1.9236456601508043
y_pos_initial = 8.713903294630276
z_pos_initial = 18.74014564850598
x_vel_initial = -0.08312765879703576
y_vel_initial = 0.75172021920379
z_vel_initial = 7.035971012329082