gravity = 0.0
x_pos_initial = 43.51299372170006
y_pos_initial = 59.0846978916249
z_pos_initial = 43.07355313727129
x_vel_initial = -6.567397112802041
y_vel_initial = 2.924114806845731
z_vel_initial = 5.822992949066617
num_bounces = 3
