gravity = 0.0
x_pos_initial = 31.62042910409657
y_pos_initial = 47.39832797116609
z_pos_initial = 64.38025748669357
x_vel_initial = 9.858761057956084
y_vel_initial = -5.648307672154268
z_vel_initial = 2.384451090113787