gravity = 0.0
x_pos_initial = 94.07100247453972
y_pos_initial = 7.884671710792706
z_pos_initial = 51.090702172557194
x_vel_initial = -1.6137514124612107
y_vel_initial = -6.13043252726588
z_vel_initial = 2.328970586398299