gravity = 10.0
x_pos_initial = 28.249983505977216
y_pos_initial = 20.544105944971093
z_pos_initial = 52.408779158712655
x_vel_initial = -3.8010911470888473
y_vel_initial = -5.494488165270165
z_vel_initial = 9.618683051645025
num_bounces = 6
