gravity = 0.0
x_pos_initial = 8.908308062916797
y_pos_initial = 53.36162414231362
z_pos_initial = 39.987349177302484
x_vel_initial = 5.609953830340022
y_vel_initial = -1.4044651987778565
z_vel_initial = -7.03585633965978
num_bounces = 2
