gravity = 0.0
x_pos_initial = 22.50940364796641
y_pos_initial = 46.069359474170895
z_pos_initial = 44.95931711490457
x_vel_initial = 7.731661613151413
y_vel_initial = 9.226778953635488
z_vel_initial = 6.4642704429213005