gravity = 0.0
x_pos_initial = 42.048710827932226
y_pos_initial = 90.92366981397187
z_pos_initial = 13.679457947983286
x_vel_initial = 5.075055817213363
y_vel_initial = -3.194516002956891
z_vel_initial = 9.471853076680418
num_bounces = 2
