gravity = 0.0
x_pos_initial = 52.75311060692027
y_pos_initial = 14.253534997891295
z_pos_initial = 25.100287400179905
x_vel_initial = 9.646357946844017
y_vel_initial = 3.450158677697315
z_vel_initial = -8.419278852960428