gravity = 0.0
x_pos_initial = 85.63546766578601
y_pos_initial = 87.75112911825867
z_pos_initial = 79.39433068482519
x_vel_initial = 3.0078652922597033
y_vel_initial = 5.5057559723718725
z_vel_initial = -9.05343539687109
num_bounces = 3
