gravity = 0.5
x_pos_initial = 80.28429458664145
y_pos_initial = 54.97124011754022
z_pos_initial = 92.19444068461934
x_vel_initial = -3.879953533671115
y_vel_initial = -9.379301113784443
z_vel_initial = 6.491455661835641