gravity = 0.0
x_pos_initial = 82.39428829482182
y_pos_initial = 91.53362975596679
z_pos_initial = 61.144202810574136
x_vel_initial = -3.879252437298307
y_vel_initial = 1.6148280477990955
z_vel_initial = 5.758494289541359