gravity = 0.0
x_pos_initial = 13.192863379996414
y_pos_initial = 16.415255038367143
z_pos_initial = 38.22633333242182
x_vel_initial = 8.520121352719382
y_vel_initial = -2.8896928146632215
z_vel_initial = 5.043998501888673
num_bounces = 3
