gravity = 0.0
x_pos_initial = 70.37827443001547
y_pos_initial = 17.55145504227593
z_pos_initial = 96.96750064651769
x_vel_initial = 7.394681201508796
y_vel_initial = 7.15772192334806
z_vel_initial = 5.905614606029353