gravity = 0.5
x_pos_initial = 39.32127442858089
y_pos_initial = 94.25136039989944
z_pos_initial = 59.95511477581956
x_vel_initial = -4.723526169088179
y_vel_initial = 0.9237827221382773
z_vel_initial = 4.951986991341435
num_bounces = 18
