gravity = 0.0
x_pos_initial = 70.19312120630391
y_pos_initial = 33.649307162576555
z_pos_initial = 50.08119445785123
x_vel_initial = -9.74454250396259
y_vel_initial = -1.2645891445669992
z_vel_initial = 8.275976526249242