gravity = 0.5
x_pos_initial = 33.63529495845866
y_pos_initial = 11.739585154659292
z_pos_initial = 1.8841520672622072
x_vel_initial = 0.502936906766962
y_vel_initial = 2.6596953647220154
z_vel_initial = -3.35121242854607
num_bounces = 14
