gravity = 0.0
x_pos_initial = 89.13099188182375
y_pos_initial = 25.883236292784982
z_pos_initial = 40.24808295879516
x_vel_initial = 6.4093197729484
y_vel_initial = -3.216736808866666
z_vel_initial = -4.531047745527075
num_bounces = 4
