gravity = 0.0
x_pos_initial = 69.66478684655075
y_pos_initial = 53.825390930167934
z_pos_initial = 87.06789416798884
x_vel_initial = -6.74478654760477
y_vel_initial = 4.025278522160065
z_vel_initial = 6.653777129544455