gravity = 0.5
x_pos_initial = 74.79170711912681
y_pos_initial = 89.22980999332091
z_pos_initial = 92.33738523921782
x_vel_initial = -3.7819226986264365
y_vel_initial = -6.483525414059876
z_vel_initial = -9.462758476464877