gravity = 0.0
x_pos_initial = 52.126731263628926
y_pos_initial = 66.78673461653203
z_pos_initial = 25.265316983953202
x_vel_initial = 2.7289234790021037
y_vel_initial = 6.410130737935628
z_vel_initial = 5.64360355574726