gravity = 10.0
x_pos_initial = 15.985863992648087
y_pos_initial = 87.81210343801301
z_pos_initial = 85.01340489994936
x_vel_initial = -4.8032765640963495
y_vel_initial = 6.681106079397235
z_vel_initial = 8.538099002983436
num_bounces = 9
