gravity = 10.0
x_pos_initial = 22.36489977538676
y_pos_initial = 87.1294945343166
z_pos_initial = 95.30319603285857
x_vel_initial = -1.2758201332340793
y_vel_initial = -7.8275370756334235
z_vel_initial = -5.4094421430108675
num_bounces = 6
