gravity = 0.0
x_pos_initial = 54.93481127799913
y_pos_initial = 56.93903900305042
z_pos_initial = 6.561548865594145
x_vel_initial = 2.4748505748168057
y_vel_initial = 1.1006196173229146
z_vel_initial = -7.017056937700831