gravity = 0.0
x_pos_initial = 25.22227939551629
y_pos_initial = 35.27159451357432
z_pos_initial = 84.68136651436785
x_vel_initial = -2.030623316186003
y_vel_initial = -7.562938382562186
z_vel_initial = -4.5610092850514325