gravity = 0.5
x_pos_initial = 69.44429762144733
y_pos_initial = 54.15072570841976
z_pos_initial = 6.377166189389099
x_vel_initial = -8.890877039255495
y_vel_initial = -1.1441860120308416
z_vel_initial = -9.740292163266377