gravity = 0.0
x_pos_initial = 65.35816354315533
y_pos_initial = 85.91952901610233
z_pos_initial = 44.298558307158785
x_vel_initial = -5.093990284790448
y_vel_initial = -8.352216269509057
z_vel_initial = -7.776939353603357