gravity = 0.5
x_pos_initial = 12.592626791121027
y_pos_initial = 93.01328865965017
z_pos_initial = 32.35795876595689
x_vel_initial = -9.386586892132573
y_vel_initial = 1.6791797449128953
z_vel_initial = -9.38414373136331
num_bounces = 23
