gravity = 10.0
x_pos_initial = 1.9736923801173667
y_pos_initial = 11.23914898927629
z_pos_initial = 5.711019422637932
x_vel_initial = -2.2407693910786204
y_vel_initial = 6.277840554664834
z_vel_initial = 9.33142095720861
num_bounces = 5
