gravity = 0.0
x_pos_initial = 38.73946133555889
y_pos_initial = 37.85649413026708
z_pos_initial = 48.856861345298746
x_vel_initial = 5.616026118916549
y_vel_initial = -5.517134689543946
z_vel_initial = -1.3707284179945134