gravity = 10.0
x_pos_initial = 25.043946570692928
y_pos_initial = 2.142666736777524
z_pos_initial = 87.8262120489081
x_vel_initial = 7.91424994322799
y_vel_initial = -6.308390108985499
z_vel_initial = -7.423921372631442
num_bounces = 4
