gravity = 0.0
x_pos_initial = 96.57189721768056
y_pos_initial = 63.532819354254535
z_pos_initial = 59.08483741053015
x_vel_initial = 3.9083330419223508
y_vel_initial = -7.301963684675123
z_vel_initial = 6.196534841067965
num_bounces = 3
