gravity = 0.5
x_pos_initial = 94.63817548358841
y_pos_initial = 4.984121539170633
z_pos_initial = 10.384921546009341
x_vel_initial = -5.218367216347635
y_vel_initial = -9.100036734261591
z_vel_initial = -9.715912846619835