gravity = 10.0
x_pos_initial = 66.48060364400213
y_pos_initial = 3.545876038166239
z_pos_initial = 22.42773161768856
x_vel_initial = -1.764987039530288
y_vel_initial = 4.673182583316802
z_vel_initial = 7.428274550704998
num_bounces = 2
