gravity = 0.0
x_pos_initial = 26.525054963258626
y_pos_initial = 6.257783607783505
z_pos_initial = 89.79447291483692
x_vel_initial = -2.501390180114286
y_vel_initial = -0.26645660002541227
z_vel_initial = -7.162935852740639