gravity = 10.0
x_pos_initial = 93.37175780888867
y_pos_initial = 94.18651798045468
z_pos_initial = 65.12055530428674
x_vel_initial = -6.712990972284636
y_vel_initial = -2.6654294113975023
z_vel_initial = 0.9855728713991798