gravity = 10.0
x_pos_initial = 49.635741132087325
y_pos_initial = 36.65333451443067
z_pos_initial = 28.698299053016417
x_vel_initial = -8.193230596327446
y_vel_initial = -9.165148833539877
z_vel_initial = -5.164942219133202
num_bounces = 7
