gravity = 10.0
x_pos_initial = 63.239995000334986
y_pos_initial = 95.3444246838516
z_pos_initial = 17.938815311598315
x_vel_initial = -9.57884334940132
y_vel_initial = -6.240125726596315
z_vel_initial = -1.5904145580225642