gravity = 0.0
x_pos_initial = 65.40378456275944
y_pos_initial = 25.289476487333776
z_pos_initial = 95.15851306826362
x_vel_initial = -2.1722407804286243
y_vel_initial = -5.534450527206257
z_vel_initial = -8.687626220788683