gravity = 10.0
x_pos_initial = 65.94408225385085
y_pos_initial = 97.25541640800664
z_pos_initial = 24.617153577613895
x_vel_initial = -5.839148696579566
y_vel_initial = 7.267074870095751
z_vel_initial = -4.762982936532372
num_bounces = 6
