gravity = 0.0
x_pos_initial = 98.53470092774945
y_pos_initial = 94.24365637611632
z_pos_initial = 36.26168382714346
x_vel_initial = -1.9876034517076828
y_vel_initial = 9.379757678740635
z_vel_initial = 6.996369107221735
num_bounces = 3
