gravity = 0.5
x_pos_initial = 17.241479485962785
y_pos_initial = 57.631966579098204
z_pos_initial = 34.54731427467541
x_vel_initial = -0.4638978649244585
y_vel_initial = 8.605145786159284
z_vel_initial = -6.016984956173532
num_bounces = 22
