gravity = 10.0
x_pos_initial = 10.01450882716737
y_pos_initial = 95.46733361658325
z_pos_initial = 44.30579203070547
x_vel_initial = -0.251064839464723
y_vel_initial = 1.4129776654927895
z_vel_initial = -8.574165302850215