gravity = 0.5
x_pos_initial = 16.766027896999
y_pos_initial = 85.33891205318024
z_pos_initial = 39.70521473787972
x_vel_initial = -3.699691117351449
y_vel_initial = 9.991369191784713
z_vel_initial = 8.475277851773885