gravity = 0.0
x_pos_initial = 16.578031099685564
y_pos_initial = 43.44484363251145
z_pos_initial = 27.386380720025514
x_vel_initial = 7.689855106650299
y_vel_initial = 4.583246292574016
z_vel_initial = 3.871114971972819
num_bounces = 2
