gravity = 0.0
x_pos_initial = 63.651154631706994
y_pos_initial = 18.24993709904483
z_pos_initial = 80.59362826409917
x_vel_initial = -9.410789164403223
y_vel_initial = -1.3441447526379466
z_vel_initial = -1.1490228745045865