gravity = 0.0
x_pos_initial = 10.540470395819202
y_pos_initial = 93.65173169300783
z_pos_initial = 5.513144142617375
x_vel_initial = -4.373359408111298
y_vel_initial = -7.131771612041794
z_vel_initial = 8.770258457171899
num_bounces = 3
