gravity = 0.0
x_pos_initial = 17.662843415442335
y_pos_initial = 42.4947110470513
z_pos_initial = 96.56877002058717
x_vel_initial = -5.197343382664829
y_vel_initial = -0.47585119904331385
z_vel_initial = -6.266406083375754
num_bounces = 2
