gravity = 10.0
x_pos_initial = 74.103857790649
y_pos_initial = 63.53231220857858
z_pos_initial = 44.649984900276436
x_vel_initial = -7.015721926136057
y_vel_initial = 3.5221736128843535
z_vel_initial = -4.664423410245168
num_bounces = 8
