gravity = 10.0
x_pos_initial = 84.26491291001233
y_pos_initial = 12.079512723018192
z_pos_initial = 35.01588988088019
x_vel_initial = 6.1929857415652165
y_vel_initial = -6.32027926689293
z_vel_initial = -9.796431599551859