gravity = 0.0
x_pos_initial = 51.923110567611644
y_pos_initial = 63.83268429544776
z_pos_initial = 85.13417627867787
x_vel_initial = -4.687716874770501
y_vel_initial = -2.2287268627411843
z_vel_initial = 9.231309442751083
num_bounces = 3
