gravity = 0.5
x_pos_initial = 70.144108109826
y_pos_initial = 77.55008740842513
z_pos_initial = 86.45833260172256
x_vel_initial = 9.743097899094934
y_vel_initial = 7.3044291821375715
z_vel_initial = 9.120319030450187
num_bounces = 25
