gravity = 10.0
x_pos_initial = 9.486529939862965
y_pos_initial = 8.5813328845384
z_pos_initial = 16.04961306928211
x_vel_initial = -3.3480709585909434
y_vel_initial = -8.128653468145998
z_vel_initial = -8.710562426810233