gravity = 0.0
x_pos_initial = 14.92816960297657
y_pos_initial = 23.08288705642338
z_pos_initial = 51.99117646243714
x_vel_initial = 2.813403969078985
y_vel_initial = 8.185312276265812
z_vel_initial = 5.24317998639323
num_bounces = 2
