gravity = 0.0
x_pos_initial = 43.59044393661591
y_pos_initial = 52.634785099665216
z_pos_initial = 89.65224605734507
x_vel_initial = -2.3231497126487852
y_vel_initial = 9.180961117940864
z_vel_initial = 9.211139746049525