gravity = 10.0
x_pos_initial = 37.66543461637426
y_pos_initial = 72.56815972881098
z_pos_initial = 90.27471820734883
x_vel_initial = 0.05971184826606901
y_vel_initial = -9.605452157188047
z_vel_initial = -9.81620064168902
num_bounces = 5
