gravity = 0.5
x_pos_initial = 7.63377404828783
y_pos_initial = 47.9745705837542
z_pos_initial = 8.040199036948483
x_vel_initial = 4.167471906582044
y_vel_initial = -2.7814077824531296
z_vel_initial = -3.1907324223680202
num_bounces = 16
