gravity = 0.0
x_pos_initial = 96.08186031807698
y_pos_initial = 93.03269080429655
z_pos_initial = 40.47845212167147
x_vel_initial = 4.602447436974263
y_vel_initial = 4.74636012201111
z_vel_initial = -3.7454443080505815