gravity = 0.5
x_pos_initial = 18.225140895287158
y_pos_initial = 79.99518716130952
z_pos_initial = 65.91673104526856
x_vel_initial = 9.184536421787808
y_vel_initial = -8.363546908671683
z_vel_initial = 2.639099740716645
num_bounces = 24
