gravity = 0.0
x_pos_initial = 84.537146589112
y_pos_initial = 93.06843541963408
z_pos_initial = 50.037422906228464
x_vel_initial = 7.014775867117901
y_vel_initial = -5.667810736157297
z_vel_initial = -6.948069719145799