gravity = 0.5
x_pos_initial = 68.0368856216988
y_pos_initial = 80.35137627030937
z_pos_initial = 29.373801295403833
x_vel_initial = -7.2572006773441124
y_vel_initial = -3.1950573859326106
z_vel_initial = 9.233410286050027
num_bounces = 23
