gravity = 0.0
x_pos_initial = 22.08342164112352
y_pos_initial = 39.95637120962642
z_pos_initial = 33.18302184618241
x_vel_initial = 4.087195644918211
y_vel_initial = -8.25939503106333
z_vel_initial = -1.82808414626286
num_bounces = 2
