gravity = 10.0
x_pos_initial = 72.34149666961193
y_pos_initial = 47.27965129574108
z_pos_initial = 34.1543443658731
x_vel_initial = 7.714742799616083
y_vel_initial = 2.797481195000172
z_vel_initial = 3.220214654861266