gravity = 10.0
x_pos_initial = 32.021965304342544
y_pos_initial = 6.318348592303681
z_pos_initial = 78.43929752580823
x_vel_initial = 2.564359550331794
y_vel_initial = 3.9271379783795943
z_vel_initial = -7.823860317760472