gravity = 0.5
x_pos_initial = 4.8345804106034835
y_pos_initial = 24.745850022353896
z_pos_initial = 66.51387711767077
x_vel_initial = 2.8554356418432327
y_vel_initial = -7.358010217252204
z_vel_initial = 3.132619888518253