gravity = 0.0
x_pos_initial = 33.33373632020594
y_pos_initial = 73.17721901150394
z_pos_initial = 88.00752539375343
x_vel_initial = 9.51824124977814
y_vel_initial = 5.555280996175501
z_vel_initial = -6.065366243022771