gravity = 0.0
x_pos_initial = 7.458507571706499
y_pos_initial = 81.73866969634328
z_pos_initial = 64.36650817202226
x_vel_initial = 0.5283672735789864
y_vel_initial = -4.703508826817555
z_vel_initial = 0.6427366570864823
num_bounces = 1
