gravity = 0.5
x_pos_initial = 30.347738608465363
y_pos_initial = 59.14455856752463
z_pos_initial = 44.73240959542864
x_vel_initial = 7.479225192613409
y_vel_initial = -4.8945972853905415
z_vel_initial = -5.515664920982531