gravity = 10.0
x_pos_initial = 16.213526553334674
y_pos_initial = 75.50542320505558
z_pos_initial = 29.865308329593486
x_vel_initial = 7.67508152984831
y_vel_initial = 0.856267019568465
z_vel_initial = -7.917027498737545
num_bounces = 9
