gravity = 10.0
x_pos_initial = 97.28423164230774
y_pos_initial = 24.942218470189733
z_pos_initial = 75.84279249863594
x_vel_initial = 6.625267742486908
y_vel_initial = 4.999394698774086
z_vel_initial = 8.516051296347324