gravity = 0.5
x_pos_initial = 5.179402588073181
y_pos_initial = 34.29872790287538
z_pos_initial = 98.24085643321159
x_vel_initial = 7.543794102805652
y_vel_initial = 8.691176599778483
z_vel_initial = 2.396356099007466