gravity = 10.0
x_pos_initial = 17.117922984634408
y_pos_initial = 88.81652326843468
z_pos_initial = 87.80157089278319
x_vel_initial = -1.143594723679092
y_vel_initial = 7.253286272898869
z_vel_initial = -7.61687491435613
num_bounces = 8
