gravity = 0.5
x_pos_initial = 9.73983078788054
y_pos_initial = 24.770138139701523
z_pos_initial = 27.8649330345331
x_vel_initial = 3.4916356286108723
y_vel_initial = -5.252032735900727
z_vel_initial = 0.11794881697109894