gravity = 0.0
x_pos_initial = 66.01113911259864
y_pos_initial = 72.15772364092496
z_pos_initial = 25.553995283591345
x_vel_initial = -5.32881981719768
y_vel_initial = -9.08669946838485
z_vel_initial = -1.7874949148777457
num_bounces = 3
