gravity = 0.0
x_pos_initial = 3.928492393877664
y_pos_initial = 81.66659943609663
z_pos_initial = 19.515635234913205
x_vel_initial = -8.218791268350486
y_vel_initial = 3.8967082237570914
z_vel_initial = 1.748975143490334