gravity = 0.5
x_pos_initial = 2.137211885153256
y_pos_initial = 41.41656980137892
z_pos_initial = 7.189244944040928
x_vel_initial = -7.262214905556249
y_vel_initial = -3.432455057766023
z_vel_initial = -8.830751562634626