gravity = 0.0
x_pos_initial = 49.769017233737856
y_pos_initial = 32.8608527106558
z_pos_initial = 83.53026865715407
x_vel_initial = 2.757193322027014
y_vel_initial = 3.36233258992727
z_vel_initial = -4.684643550287871