gravity = 10.0
x_pos_initial = 28.280756935287503
y_pos_initial = 12.907749657166454
z_pos_initial = 62.68305849406554
x_vel_initial = -2.946005074309734
y_vel_initial = -1.237394222063557
z_vel_initial = 6.291558387277963