gravity = 0.0
x_pos_initial = 67.64243029565546
y_pos_initial = 74.91825575645568
z_pos_initial = 79.73452143462937
x_vel_initial = -9.83072630484608
y_vel_initial = 8.50566900733461
z_vel_initial = 8.639062742893671