gravity = 10.0
x_pos_initial = 54.312311168962275
y_pos_initial = 93.66123795661854
z_pos_initial = 18.3494409104702
x_vel_initial = 0.5441836462527974
y_vel_initial = -3.179965817458891
z_vel_initial = -1.9108415422265939