gravity = 0.0
x_pos_initial = 49.3716957676645
y_pos_initial = 23.11087971991783
z_pos_initial = 83.93914832511459
x_vel_initial = -3.4495239299064773
y_vel_initial = 2.3106572057576837
z_vel_initial = 4.703451677431623
num_bounces = 2
