gravity = 10.0
x_pos_initial = 98.63159589925235
y_pos_initial = 36.721235517563635
z_pos_initial = 15.156556060554632
x_vel_initial = -5.4437737750106585
y_vel_initial = -9.860739478872413
z_vel_initial = 1.3712295563133328
num_bounces = 5
