gravity = 0.0
x_pos_initial = 88.66032058233905
y_pos_initial = 99.49355618154813
z_pos_initial = 84.45320210988359
x_vel_initial = 8.012271211055964
y_vel_initial = 4.450524726675059
z_vel_initial = -2.420208460644134
num_bounces = 3
