gravity = 0.0
x_pos_initial = 19.003509284551726
y_pos_initial = 55.15046558570662
z_pos_initial = 83.05402736918549
x_vel_initial = -2.374372141961473
y_vel_initial = -5.170249191001524
z_vel_initial = -5.3521173196539085
num_bounces = 3
