gravity = 10.0
x_pos_initial = 86.53789200681256
y_pos_initial = 31.726273563474862
z_pos_initial = 72.47223952817221
x_vel_initial = 8.57387643345653
y_vel_initial = 1.129111955993956
z_vel_initial = 5.715939050016164
num_bounces = 8
