gravity = 0.0
x_pos_initial = 79.47588756977946
y_pos_initial = 28.653489240047733
z_pos_initial = 78.2551234783561
x_vel_initial = -3.462016807264913
y_vel_initial = -6.555270828226702
z_vel_initial = 5.002632278577321