gravity = 10.0
x_pos_initial = 27.239719489242606
y_pos_initial = 92.85702992952434
z_pos_initial = 63.23192009399889
x_vel_initial = 4.690391324778089
y_vel_initial = -8.278211431289181
z_vel_initial = -6.059596023460703