gravity = 0.0
x_pos_initial = 26.186699316309436
y_pos_initial = 96.52224028680722
z_pos_initial = 91.90678159402746
x_vel_initial = 3.291281090945297
y_vel_initial = 0.3360866757459071
z_vel_initial = 9.3289268403859