gravity = 0.0
x_pos_initial = 84.34627812455282
y_pos_initial = 16.451630117618773
z_pos_initial = 66.8752990272106
x_vel_initial = -2.6481309895868392
y_vel_initial = 9.24824213895932
z_vel_initial = -8.4793541118456