gravity = 0.0
x_pos_initial = 93.74017108053216
y_pos_initial = 58.32797455531852
z_pos_initial = 19.35531205798286
x_vel_initial = -5.325854856382534
y_vel_initial = 1.11228812768781
z_vel_initial = -2.398773447142762