gravity = 0.0
x_pos_initial = 4.106892218498649
y_pos_initial = 2.205409527414473
z_pos_initial = 18.999242926102045
x_vel_initial = -5.460583392907695
y_vel_initial = 8.994817216858937
z_vel_initial = 7.880181127467157
num_bounces = 3
