gravity = 0.0
x_pos_initial = 46.40438788765753
y_pos_initial = 35.711910482491106
z_pos_initial = 63.34921635738135
x_vel_initial = 3.0051647644914183
y_vel_initial = 5.309732287062435
z_vel_initial = -2.284744951645754
num_bounces = 2
