gravity = 0.0
x_pos_initial = 52.9113445604483
y_pos_initial = 35.06648635395842
z_pos_initial = 18.760705320238774
x_vel_initial = -3.048340532186156
y_vel_initial = -9.30140123568022
z_vel_initial = -1.425501239267085