gravity = 0.5
x_pos_initial = 57.924151826970075
y_pos_initial = 73.43360481795828
z_pos_initial = 77.60847757429707
x_vel_initial = 7.856428968525872
y_vel_initial = -6.5048820980398006
z_vel_initial = 5.930687595455147
num_bounces = 21
