gravity = 0.0
x_pos_initial = 46.56916232088879
y_pos_initial = 28.922491475255566
z_pos_initial = 79.14465369671763
x_vel_initial = -2.0013258475811977
y_vel_initial = 0.6178743599667733
z_vel_initial = -6.127896173751646
num_bounces = 1
