gravity = 0.0
x_pos_initial = 7.302176590236927
y_pos_initial = 37.50846906746425
z_pos_initial = 94.91638640265788
x_vel_initial = -4.076382476744531
y_vel_initial = -5.03126903805101
z_vel_initial = 0.5939672879179554
num_bounces = 3
