gravity = 0.0
x_pos_initial = 93.8163759854466
y_pos_initial = 34.3655640855698
z_pos_initial = 68.68236514152258
x_vel_initial = -0.32094561570808366
y_vel_initial = 4.115384686884628
z_vel_initial = -2.7162233501329265