gravity = 0.0
x_pos_initial = 53.14591966795888
y_pos_initial = 6.429304016888283
z_pos_initial = 20.645834050936124
x_vel_initial = 9.49804654519453
y_vel_initial = -6.5707446152048625
z_vel_initial = -8.874253835329176
num_bounces = 6
