gravity = 0.0
x_pos_initial = 42.01702036426323
y_pos_initial = 88.98690207767442
z_pos_initial = 53.63264667119299
x_vel_initial = -8.742807422982509
y_vel_initial = -2.04522755016761
z_vel_initial = -5.578361507483221