gravity = 10.0
x_pos_initial = 43.25068369452242
y_pos_initial = 30.02646972651639
z_pos_initial = 47.34370190190203
x_vel_initial = -6.704985447266301
y_vel_initial = 9.0232008440849
z_vel_initial = 3.438128403988273
num_bounces = 7
