gravity = 10.0
x_pos_initial = 59.78974122677261
y_pos_initial = 43.946130535702075
z_pos_initial = 70.33354068322294
x_vel_initial = -1.46950425328175
y_vel_initial = 9.027653222569906
z_vel_initial = -3.995764251308125