gravity = 0.5
x_pos_initial = 81.6075137683198
y_pos_initial = 26.363005609631745
z_pos_initial = 35.381774832798406
x_vel_initial = 8.780001344653666
y_vel_initial = 5.078057440117735
z_vel_initial = -1.195316042505974