gravity = 0.0
x_pos_initial = 59.224567791340725
y_pos_initial = 27.357166722699915
z_pos_initial = 76.42335761452401
x_vel_initial = 8.248434019375615
y_vel_initial = -4.768658746901616
z_vel_initial = 4.498934853186832