gravity = 0.5
x_pos_initial = 48.99817699477599
y_pos_initial = 81.04013806501929
z_pos_initial = 17.040349641452156
x_vel_initial = 7.617422089158751
y_vel_initial = 5.9785588995637085
z_vel_initial = 1.8034612531885372
num_bounces = 22
