gravity = 0.0
x_pos_initial = 65.89222393782296
y_pos_initial = 72.40810988033435
z_pos_initial = 99.44934417794141
x_vel_initial = -3.5870200273969086
y_vel_initial = 2.3092984874790403
z_vel_initial = -5.216169896454743
num_bounces = 2
