gravity = 0.0
x_pos_initial = 49.88318768077189
y_pos_initial = 68.87042106671008
z_pos_initial = 75.80806435783958
x_vel_initial = 7.564751094102434
y_vel_initial = 6.375050084762194
z_vel_initial = -8.152436446407773
num_bounces = 3
