gravity = 0.5
x_pos_initial = 86.43037486452981
y_pos_initial = 1.2143437137002921
z_pos_initial = 19.041979977846644
x_vel_initial = 0.8933206155644555
y_vel_initial = 2.5760970078770207
z_vel_initial = 0.5116861022752115
num_bounces = 6
