gravity = 0.0
x_pos_initial = 7.67326365428688
y_pos_initial = 66.22409764551209
z_pos_initial = 69.22062185787222
x_vel_initial = -9.008869670971619
y_vel_initial = -7.9583031664994826
z_vel_initial = -1.529297344903144