gravity = 0.5
x_pos_initial = 41.93158016425648
y_pos_initial = 7.578756989635244
z_pos_initial = 45.28054655009787
x_vel_initial = 5.13117301720272
y_vel_initial = -7.174431724440234
z_vel_initial = -7.444154327823943