gravity = 0.0
x_pos_initial = 80.53477843940331
y_pos_initial = 1.371504925961947
z_pos_initial = 24.55859854133633
x_vel_initial = 5.6681764585603
y_vel_initial = -8.328057130748604
z_vel_initial = 0.684420480811168
num_bounces = 3
