gravity = 10.0
x_pos_initial = 92.2591706958526
y_pos_initial = 53.98329144684651
z_pos_initial = 39.03506445749738
x_vel_initial = -0.8826935760391237
y_vel_initial = 9.272753858278922
z_vel_initial = -1.6706139445192019