gravity = 0.5
x_pos_initial = 62.56831299268146
y_pos_initial = 12.531372796058497
z_pos_initial = 46.39222632805323
x_vel_initial = -5.284623783976486
y_vel_initial = 0.915549897005512
z_vel_initial = -4.719647066565524