gravity = 0.0
x_pos_initial = 87.01757550953512
y_pos_initial = 89.07840967390031
z_pos_initial = 32.08022070092711
x_vel_initial = -1.9244343040794405
y_vel_initial = 9.624372226617869
z_vel_initial = 4.930698042157559