gravity = 0.0
x_pos_initial = 29.302697219090806
y_pos_initial = 13.05595967796665
z_pos_initial = 56.58604355015028
x_vel_initial = -1.4487306414817152
y_vel_initial = -5.2956352046062785
z_vel_initial = -4.697187286739962
num_bounces = 2
