gravity = 0.5
x_pos_initial = 72.83313549109755
y_pos_initial = 82.14545569994932
z_pos_initial = 72.98717170811634
x_vel_initial = 1.4076817362224947
y_vel_initial = -1.8130870440350808
z_vel_initial = -7.208580260853427
num_bounces = 17
