gravity = 10.0
x_pos_initial = 16.465725722346775
y_pos_initial = 97.75790445339582
z_pos_initial = 86.96318994670342
x_vel_initial = -3.6710450745068
y_vel_initial = -2.027195714513554
z_vel_initial = -5.2367086114680355