gravity = 0.0
x_pos_initial = 36.44538634324651
y_pos_initial = 86.12726630821622
z_pos_initial = 6.042232617445405
x_vel_initial = -3.8740785258802486
y_vel_initial = -0.3579841517725697
z_vel_initial = -5.574314991671691