gravity = 0.5
x_pos_initial = 89.17004709730232
y_pos_initial = 32.26834319911109
z_pos_initial = 35.47507654326127
x_vel_initial = 3.2332108678564975
y_vel_initial = 5.796518544726531
z_vel_initial = 7.843845948281526
num_bounces = 21
