gravity = 10.0
x_pos_initial = 98.86331084477834
y_pos_initial = 17.001037265068277
z_pos_initial = 85.28556234718755
x_vel_initial = 3.1378020845725594
y_vel_initial = -7.481585233863406
z_vel_initial = 3.420584687357559