gravity = 10.0
x_pos_initial = 29.03732786638516
y_pos_initial = 74.89576552916633
z_pos_initial = 50.40221570815832
x_vel_initial = -3.3591451160955224
y_vel_initial = -0.9975841290007477
z_vel_initial = -2.1991089566068736