gravity = 0.5
x_pos_initial = 42.20367123041267
y_pos_initial = 81.55976861586718
z_pos_initial = 82.47298770783375
x_vel_initial = -9.506762490347763
y_vel_initial = 7.987863753612132
z_vel_initial = 8.830214373919436