gravity = 10.0
x_pos_initial = 55.062316974026636
y_pos_initial = 43.20637858843382
z_pos_initial = 98.76556020424647
x_vel_initial = 2.448144303590327
y_vel_initial = -6.814595043352128
z_vel_initial = 6.766654606909295
num_bounces = 8
