gravity = 0.5
x_pos_initial = 10.969460579792834
y_pos_initial = 3.190006507770393
z_pos_initial = 87.42026687915863
x_vel_initial = -5.5833325265734315
y_vel_initial = 6.933747916042538
z_vel_initial = 0.66607223146862