gravity = 0.5
x_pos_initial = 49.24742351284529
y_pos_initial = 72.57587244982392
z_pos_initial = 11.31404992315754
x_vel_initial = 3.657516119715286
y_vel_initial = 6.362276476283572
z_vel_initial = -1.6350979840553599
num_bounces = 22
