gravity = 0.0
x_pos_initial = 63.17828625479697
y_pos_initial = 81.09091524908037
z_pos_initial = 72.21985921742704
x_vel_initial = -4.190271014924431
y_vel_initial = 5.051382171031463
z_vel_initial = -9.115335904824684
num_bounces = 3
