gravity = 0.5
x_pos_initial = 83.69654593662514
y_pos_initial = 70.5641080341584
z_pos_initial = 60.81309293898326
x_vel_initial = -3.810127014232757
y_vel_initial = -8.201277295812936
z_vel_initial = 1.653619178243277