gravity = 10.0
x_pos_initial = 49.0562684498999
y_pos_initial = 35.59607646618626
z_pos_initial = 58.037899807061756
x_vel_initial = 2.718141521866718
y_vel_initial = -1.9501762904364242
z_vel_initial = 8.181901879478385