gravity = 10.0
x_pos_initial = 2.4532657709797037
y_pos_initial = 45.888427591797004
z_pos_initial = 67.13599867306482
x_vel_initial = -5.21280885026356
y_vel_initial = -0.648812832523566
z_vel_initial = 2.327528863301815