gravity = 0.0
x_pos_initial = 48.355207944203265
y_pos_initial = 57.87149710186063
z_pos_initial = 33.81875623360376
x_vel_initial = -8.595680354671849
y_vel_initial = -1.3878030124665006
z_vel_initial = -1.0791462160831617
num_bounces = 1
