gravity = 0.5
x_pos_initial = 41.78436460467054
y_pos_initial = 15.232959292085205
z_pos_initial = 61.004432191412484
x_vel_initial = 7.688338939474519
y_vel_initial = -5.0688418756019
z_vel_initial = 2.0333815880506023
num_bounces = 15
