gravity = 10.0
x_pos_initial = 43.46991539531646
y_pos_initial = 1.9269521568413057
z_pos_initial = 66.66276804417969
x_vel_initial = -1.9974905628408894
y_vel_initial = 1.7253583499418124
z_vel_initial = -8.059544692778738
num_bounces = 2
