gravity = 0.0
x_pos_initial = 56.824770042039724
y_pos_initial = 8.99702120423655
z_pos_initial = 78.36754107136643
x_vel_initial = -5.54530248336426
y_vel_initial = -0.05548477257232953
z_vel_initial = 1.798276300122728
num_bounces = 2
