gravity = 0.0
x_pos_initial = 12.742725104161208
y_pos_initial = 79.45388998443063
z_pos_initial = 17.12658158817166
x_vel_initial = 1.4963864063147696
y_vel_initial = 7.279937784682126
z_vel_initial = -9.26613561390186
num_bounces = 4
