gravity = 0.5
x_pos_initial = 85.63030078767567
y_pos_initial = 83.2874345713604
z_pos_initial = 86.99752308932172
x_vel_initial = 2.4009449767059223
y_vel_initial = -0.5422287584832315
z_vel_initial = -2.5151802201726063
num_bounces = 17
