gravity = 0.0
x_pos_initial = 49.774643810130314
y_pos_initial = 54.77231163344395
z_pos_initial = 66.71268024387378
x_vel_initial = 8.669860880979382
y_vel_initial = 9.223550222779966
z_vel_initial = 1.8319731012123093
num_bounces = 4
