gravity = 0.0
x_pos_initial = 3.600873542629908
y_pos_initial = 30.522978535843247
z_pos_initial = 97.56197097509806
x_vel_initial = -5.537727737463229
y_vel_initial = 1.5799431149478131
z_vel_initial = -5.173711563796828