gravity = 0.0
x_pos_initial = 62.0922490953084
y_pos_initial = 72.69987555362276
z_pos_initial = 4.945791996582319
x_vel_initial = 3.8021624333557362
y_vel_initial = -5.932287826987301
z_vel_initial = 1.4334484913672618