gravity = 10.0
x_pos_initial = 67.43596367070333
y_pos_initial = 4.537425632879138
z_pos_initial = 1.5576648301533804
x_vel_initial = -0.515396986101317
y_vel_initial = -9.237940896591624
z_vel_initial = 0.07416463726484857