gravity = 0.0
x_pos_initial = 54.24021126027131
y_pos_initial = 90.63375759597271
z_pos_initial = 39.14040872570244
x_vel_initial = 7.037260425657738
y_vel_initial = 9.270079564121701
z_vel_initial = 6.453162416142472
num_bounces = 4
