gravity = 10.0
x_pos_initial = 94.7142094091631
y_pos_initial = 72.1518479599249
z_pos_initial = 39.43017198945953
x_vel_initial = -1.8732764448232722
y_vel_initial = -0.2985819258911988
z_vel_initial = -2.0755985162495882