gravity = 0.0
x_pos_initial = 33.72687107258343
y_pos_initial = 86.94849199819348
z_pos_initial = 29.1388661340121
x_vel_initial = -3.7577916560579645
y_vel_initial = 9.580190090916247
z_vel_initial = -8.685197355035957