gravity = 10.0
x_pos_initial = 60.91316960826237
y_pos_initial = 75.72754993820853
z_pos_initial = 12.590438370372581
x_vel_initial = -3.9851861199401606
y_vel_initial = 9.772802714566843
z_vel_initial = -7.262393072909123