gravity = 10.0
x_pos_initial = 25.21106969112814
y_pos_initial = 68.25704836108507
z_pos_initial = 27.77706847650694
x_vel_initial = 3.456578202388929
y_vel_initial = 5.061882964820587
z_vel_initial = 5.498909356700899