gravity = 0.5
x_pos_initial = 63.20481864676565
y_pos_initial = 28.76003818241245
z_pos_initial = 9.794496080415573
x_vel_initial = -0.6311835392601086
y_vel_initial = 8.51101625870346
z_vel_initial = -9.032079924715998