gravity = 0.0
x_pos_initial = 70.5425004827352
y_pos_initial = 66.5661556006731
z_pos_initial = 39.45475737015842
x_vel_initial = 5.724421363239339
y_vel_initial = -8.90328740873949
z_vel_initial = 6.651026101233139