gravity = 0.5
x_pos_initial = 1.9423997764820329
y_pos_initial = 11.450663086605505
z_pos_initial = 57.90089720419962
x_vel_initial = 1.266062629582171
y_vel_initial = 5.562388536595343
z_vel_initial = -3.47448112462921
num_bounces = 13
