gravity = 0.0
x_pos_initial = 44.36108227360067
y_pos_initial = 78.29381915917408
z_pos_initial = 82.79341958183578
x_vel_initial = 9.380072982911312
y_vel_initial = 2.872433460021
z_vel_initial = -8.969843319857834