gravity = 0.0
x_pos_initial = 21.55871079588957
y_pos_initial = 16.049332518041464
z_pos_initial = 19.155735459304093
x_vel_initial = 3.791273101000172
y_vel_initial = 3.0957353321572274
z_vel_initial = 3.3393597296488515
num_bounces = 0
