gravity = 10.0
x_pos_initial = 42.41982933886862
y_pos_initial = 17.532815396093717
z_pos_initial = 72.84593763696054
x_vel_initial = 7.6060568759502125
y_vel_initial = 3.2946940962928277
z_vel_initial = -1.2521507220589712
num_bounces = 4
