gravity = 0.0
x_pos_initial = 8.450267070485433
y_pos_initial = 42.629601105202156
z_pos_initial = 98.47027018683808
x_vel_initial = 1.1283363809193343
y_vel_initial = 6.1637283129323315
z_vel_initial = -1.9898093847029674