gravity = 0.0
x_pos_initial = 13.914372547312457
y_pos_initial = 51.26745174675693
z_pos_initial = 61.742910633432984
x_vel_initial = 3.866887691318528
y_vel_initial = 4.502549561441004
z_vel_initial = 1.91783210907289