gravity = 0.0
x_pos_initial = 68.26184162692707
y_pos_initial = 97.26287034198879
z_pos_initial = 82.16268886303212
x_vel_initial = -0.5317212390234687
y_vel_initial = -8.051818125871039
z_vel_initial = 7.054329109060983