gravity = 0.0
x_pos_initial = 72.10038385454911
y_pos_initial = 26.14828635843662
z_pos_initial = 25.352009401320075
x_vel_initial = 3.4113932840122754
y_vel_initial = 0.5738431349769719
z_vel_initial = -8.160712704604217