gravity = 0.5
x_pos_initial = 19.68561590468889
y_pos_initial = 80.12868801197033
z_pos_initial = 25.54795134890451
x_vel_initial = -2.6062870641851346
y_vel_initial = 4.83729574465254
z_vel_initial = 1.0637737104217457