gravity = 0.5
x_pos_initial = 71.73984740483674
y_pos_initial = 74.16732818491609
z_pos_initial = 88.48813691517545
x_vel_initial = 6.448441643420249
y_vel_initial = -3.9157862840392523
z_vel_initial = 8.405794410180636