gravity = 0.0
x_pos_initial = 38.92504051492584
y_pos_initial = 92.80260855546136
z_pos_initial = 76.88073171618142
x_vel_initial = 8.177902376532153
y_vel_initial = 1.656618961203046
z_vel_initial = 8.269088787692386