gravity = 10.0
x_pos_initial = 53.40773882464469
y_pos_initial = 27.51893123191118
z_pos_initial = 51.01451301390262
x_vel_initial = 3.3007431087659125
y_vel_initial = -8.724087931449528
z_vel_initial = 9.383235069545353
num_bounces = 6
