gravity = 0.5
x_pos_initial = 68.06257030376568
y_pos_initial = 92.55473589716546
z_pos_initial = 89.29989654545332
x_vel_initial = 5.056596161949049
y_vel_initial = 4.070588355875353
z_vel_initial = -3.237762629224603
num_bounces = 20
