gravity = 0.0
x_pos_initial = 67.55737877610137
y_pos_initial = 85.66608607803668
z_pos_initial = 14.57604610473959
x_vel_initial = -5.213904748338708
y_vel_initial = -4.6438953514862265
z_vel_initial = -9.891170436308656