gravity = 0.5
x_pos_initial = 80.4295165495634
y_pos_initial = 20.14140317299818
z_pos_initial = 28.663476600575667
x_vel_initial = 7.956980220830943
y_vel_initial = 7.787193343493254
z_vel_initial = 1.5004220792520169
num_bounces = 17
