gravity = 0.0
x_pos_initial = 1.2453937952979075
y_pos_initial = 40.00067671225209
z_pos_initial = 92.75165638551178
x_vel_initial = -7.853356697107666
y_vel_initial = 1.704878065683607
z_vel_initial = -2.1741653328915085