gravity = 0.5
x_pos_initial = 15.444273213777839
y_pos_initial = 72.7855750087059
z_pos_initial = 16.2919436383878
x_vel_initial = -2.6292720297662138
y_vel_initial = -1.3330059375326346
z_vel_initial = -3.122742355357036
num_bounces = 20
