gravity = 0.5
x_pos_initial = 99.70226547239302
y_pos_initial = 65.8290615226888
z_pos_initial = 59.90882622840629
x_vel_initial = -7.006894482411086
y_vel_initial = 2.713529590805427
z_vel_initial = -1.6090919794697758
num_bounces = 17
