gravity = 0.0
x_pos_initial = 23.278274562363805
y_pos_initial = 13.944831027514397
z_pos_initial = 64.45230500602806
x_vel_initial = 1.8117783432806362
y_vel_initial = 2.556261902766334
z_vel_initial = 4.261328841080937