gravity = 0.0
x_pos_initial = 1.4624286717084594
y_pos_initial = 88.96332717711387
z_pos_initial = 96.78855371997345
x_vel_initial = 4.083383243203725
y_vel_initial = 1.3425511245978896
z_vel_initial = -9.091469570730773
num_bounces = 2
