gravity = 0.0
x_pos_initial = 57.411909334421495
y_pos_initial = 12.44004670761883
z_pos_initial = 54.50243051823201
x_vel_initial = 1.9126690565168687
y_vel_initial = -1.9059656055470384
z_vel_initial = -0.8747116301280347