gravity = 0.5
x_pos_initial = 49.35825024931601
y_pos_initial = 23.878216791408807
z_pos_initial = 82.98386140621515
x_vel_initial = 4.897114397746353
y_vel_initial = -8.52685159303918
z_vel_initial = -5.130734259437063
num_bounces = 16
