gravity = 0.5
x_pos_initial = 85.47111782915455
y_pos_initial = 62.62622207352188
z_pos_initial = 15.530963800586544
x_vel_initial = 0.2994670017289298
y_vel_initial = 8.988378336369387
z_vel_initial = 7.608542598138552
num_bounces = 21
