gravity = 0.5
x_pos_initial = 77.40740887494769
y_pos_initial = 62.138094102190045
z_pos_initial = 77.18215770984274
x_vel_initial = 8.620191027886403
y_vel_initial = 1.6634577650998708
z_vel_initial = 6.636711873227416
num_bounces = 21
