gravity = 0.0
x_pos_initial = 82.31944526566168
y_pos_initial = 5.865051688868612
z_pos_initial = 21.622191366805662
x_vel_initial = 1.562670772681594
y_vel_initial = 2.4722134169359755
z_vel_initial = -2.214735999271099
num_bounces = 2
