gravity = 0.0
x_pos_initial = 47.209182576315044
y_pos_initial = 68.99442484920118
z_pos_initial = 46.786244210304915
x_vel_initial = -7.729250181232219
y_vel_initial = 6.3693297886665405
z_vel_initial = 4.4095940503459286
num_bounces = 3
