gravity = 0.5
x_pos_initial = 17.00737403045542
y_pos_initial = 98.91856371180232
z_pos_initial = 78.25721181317523
x_vel_initial = -3.0556329790288217
y_vel_initial = 3.8585507030267596
z_vel_initial = 7.798849232428875