gravity = 0.5
x_pos_initial = 95.96485906109484
y_pos_initial = 85.64278391945645
z_pos_initial = 51.40173925451929
x_vel_initial = 1.637441771532444
y_vel_initial = -5.756755209403124
z_vel_initial = 4.129149088524537