gravity = 0.5
x_pos_initial = 3.474387800273431
y_pos_initial = 54.51699265974071
z_pos_initial = 47.32648645853723
x_vel_initial = -0.23492115704995342
y_vel_initial = 2.307028197793434
z_vel_initial = -9.226921572639379