gravity = 0.5
x_pos_initial = 59.209995630676225
y_pos_initial = 34.10121446369167
z_pos_initial = 55.980898147786895
x_vel_initial = 6.239121784962936
y_vel_initial = -3.2157468652349674
z_vel_initial = 2.3252165559160396
num_bounces = 18
