gravity = 10.0
x_pos_initial = 62.554894794376345
y_pos_initial = 30.990582292989604
z_pos_initial = 39.94520191045579
x_vel_initial = -8.783626291361683
y_vel_initial = 2.4618294876745743
z_vel_initial = -4.968293043474525
num_bounces = 7
