gravity = 10.0
x_pos_initial = 94.55896073769242
y_pos_initial = 54.61607007038358
z_pos_initial = 97.6354562449214
x_vel_initial = 8.113895820197936
y_vel_initial = -9.562596132811638
z_vel_initial = -1.3450165591784344
num_bounces = 7
