gravity = 0.0
x_pos_initial = 65.04163396135044
y_pos_initial = 0.6823745105259188
z_pos_initial = 2.4875603147900627
x_vel_initial = -5.3921701161071
y_vel_initial = 9.041103627679632
z_vel_initial = 6.837588347322125
num_bounces = 3
