gravity = 0.5
x_pos_initial = 58.756913860856095
y_pos_initial = 62.405355381773695
z_pos_initial = 37.267779488432886
x_vel_initial = -4.949915000546042
y_vel_initial = 1.4243336663678097
z_vel_initial = 5.202053533883401
num_bounces = 22
