gravity = 0.5
x_pos_initial = 67.16416938734346
y_pos_initial = 13.642348112756059
z_pos_initial = 10.353410830463599
x_vel_initial = 2.404842209552207
y_vel_initial = -5.478226003381652
z_vel_initial = -0.7448319585001482
num_bounces = 16
