gravity = 0.5
x_pos_initial = 80.24195924237976
y_pos_initial = 92.36814084184702
z_pos_initial = 58.36271677407654
x_vel_initial = 8.75508174669806
y_vel_initial = -9.880092150133208
z_vel_initial = -4.54418174684181