gravity = 10.0
x_pos_initial = 60.899987540537246
y_pos_initial = 83.55577148545392
z_pos_initial = 79.7048665867338
x_vel_initial = -8.348019280394501
y_vel_initial = -5.310367871500561
z_vel_initial = 1.7015015235431434