gravity = 10.0
x_pos_initial = 34.097147195408645
y_pos_initial = 61.03575485382729
z_pos_initial = 70.40452164073234
x_vel_initial = 5.147223655587297
y_vel_initial = 9.139942291425669
z_vel_initial = 9.5044073160506
num_bounces = 9
