gravity = 10.0
x_pos_initial = 28.835105482804728
y_pos_initial = 47.99130538796392
z_pos_initial = 27.097542427446278
x_vel_initial = 4.251739474057789
y_vel_initial = -5.5198260187101935
z_vel_initial = 9.570256399910555