gravity = 0.0
x_pos_initial = 25.21278798915397
y_pos_initial = 82.5404694160021
z_pos_initial = 22.412296652567207
x_vel_initial = -8.012894456624085
y_vel_initial = 1.9111165182058816
z_vel_initial = 2.386721163945893