gravity = 0.0
x_pos_initial = 23.11792958317564
y_pos_initial = 98.93132378564988
z_pos_initial = 98.90837085242234
x_vel_initial = -7.923720537610308
y_vel_initial = -2.699477684722684
z_vel_initial = -9.442696011780791