gravity = 0.5
x_pos_initial = 59.948181145456445
y_pos_initial = 39.49606634178426
z_pos_initial = 14.243896904170068
x_vel_initial = -2.0218440613505573
y_vel_initial = -7.751290330877184
z_vel_initial = 0.2480963068882076
num_bounces = 17
