gravity = 0.5
x_pos_initial = 74.80868156546904
y_pos_initial = 68.73740004461102
z_pos_initial = 83.18888256237987
x_vel_initial = -7.856940743954642
y_vel_initial = 6.400074722473395
z_vel_initial = -7.422721621298535
num_bounces = 22
