gravity = 10.0
x_pos_initial = 88.12207932972125
y_pos_initial = 59.81309599050167
z_pos_initial = 56.59460150023739
x_vel_initial = 2.811412845676168
y_vel_initial = -7.248001185751398
z_vel_initial = 8.185741463236724
num_bounces = 7
