gravity = 0.0
x_pos_initial = 29.90047821146584
y_pos_initial = 80.03161455426631
z_pos_initial = 70.60417768070029
x_vel_initial = 0.6356524667822008
y_vel_initial = -5.8876302951413955
z_vel_initial = -9.456074860424238
num_bounces = 2
