gravity = 0.0
x_pos_initial = 98.19369040034528
y_pos_initial = 78.46658687921844
z_pos_initial = 76.79584950736204
x_vel_initial = -3.2608717440455193
y_vel_initial = 5.409233358067098
z_vel_initial = 4.287966742956465
num_bounces = 2
