gravity = 10.0
x_pos_initial = 1.3182693181713756
y_pos_initial = 58.60091383136385
z_pos_initial = 57.62018784442593
x_vel_initial = -9.209414066444888
y_vel_initial = -2.892474342097425
z_vel_initial = 7.336663458984159