gravity = 0.5
x_pos_initial = 50.10230646426
y_pos_initial = 77.10218475362721
z_pos_initial = 55.49261916793004
x_vel_initial = -4.879834911528116
y_vel_initial = 3.1984773896427825
z_vel_initial = -0.5056977653833474