gravity = 10.0
x_pos_initial = 28.777642730962153
y_pos_initial = 13.813260912357041
z_pos_initial = 72.57782384698724
x_vel_initial = 8.04194478175216
y_vel_initial = 8.056010432728211
z_vel_initial = 5.848338920167933