gravity = 0.0
x_pos_initial = 76.38962192137426
y_pos_initial = 90.18633592181362
z_pos_initial = 27.938337596551964
x_vel_initial = 5.439228351618773
y_vel_initial = -5.178964554001832
z_vel_initial = 3.279287584865626