gravity = 0.0
x_pos_initial = 27.250193025569246
y_pos_initial = 24.925405016756002
z_pos_initial = 63.86779866188277
x_vel_initial = 1.269488968352075
y_vel_initial = -8.574448813389537
z_vel_initial = 2.540792061481758
num_bounces = 3
