gravity = 0.5
x_pos_initial = 20.964873154461944
y_pos_initial = 69.60683342532226
z_pos_initial = 95.18539254527789
x_vel_initial = -0.044067665533312095
y_vel_initial = 7.737976368125551
z_vel_initial = 7.625256396616127
num_bounces = 20
