gravity = 0.5
x_pos_initial = 98.99671494870968
y_pos_initial = 87.326153276057
z_pos_initial = 75.72380794342628
x_vel_initial = 3.007606927282513
y_vel_initial = 0.6499152042481366
z_vel_initial = 5.629577164577723