gravity = 10.0
x_pos_initial = 9.043564946094925
y_pos_initial = 19.001896683622938
z_pos_initial = 55.75213992505395
x_vel_initial = -7.081269668563164
y_vel_initial = -1.7412757168571193
z_vel_initial = 0.21582504034900651
num_bounces = 5
