gravity = 0.5
x_pos_initial = 99.00412330236394
y_pos_initial = 18.461267369638346
z_pos_initial = 39.924089671941076
x_vel_initial = -1.4291565204552459
y_vel_initial = 5.284353603161797
z_vel_initial = 8.505287450167113
num_bounces = 17
