gravity = 10.0
x_pos_initial = 55.37537125132178
y_pos_initial = 65.94978430086041
z_pos_initial = 14.160148988402131
x_vel_initial = -3.6241435548558156
y_vel_initial = 2.882458309477977
z_vel_initial = -7.763755606330081