gravity = 10.0
x_pos_initial = 46.93904824209937
y_pos_initial = 37.09383543948099
z_pos_initial = 57.722346675275794
x_vel_initial = -9.504216059183713
y_vel_initial = -4.87207414383176
z_vel_initial = 2.4627097669362783