gravity = 0.0
x_pos_initial = 79.53922475932607
y_pos_initial = 4.009383072591964
z_pos_initial = 26.84383875882437
x_vel_initial = -8.9954824023655
y_vel_initial = -2.4092111222272248
z_vel_initial = 2.5274279635976633
num_bounces = 2
