gravity = 0.0
x_pos_initial = 35.435578425732146
y_pos_initial = 28.266865484538055
z_pos_initial = 20.997570264392824
x_vel_initial = 9.752029541800752
y_vel_initial = -6.48251965421313
z_vel_initial = 5.883054112308432
num_bounces = 3
