gravity = 0.0
x_pos_initial = 41.24569339222178
y_pos_initial = 43.850404806714
z_pos_initial = 82.58849498172117
x_vel_initial = 8.617577971406277
y_vel_initial = 5.674261902546565
z_vel_initial = -2.58880752460132
num_bounces = 2
