gravity = 0.5
x_pos_initial = 51.57132177873434
y_pos_initial = 26.79151601827661
z_pos_initial = 40.26886044659145
x_vel_initial = 9.96303952824221
y_vel_initial = 9.809113844642741
z_vel_initial = 6.853589978063361