gravity = 10.0
x_pos_initial = 68.49048888519464
y_pos_initial = 57.76810448807594
z_pos_initial = 77.86167524507192
x_vel_initial = -9.906552411319161
y_vel_initial = -1.7088801831596463
z_vel_initial = -2.5208092435307847
num_bounces = 6
