gravity = 0.5
x_pos_initial = 51.3533459411385
y_pos_initial = 74.60898066748436
z_pos_initial = 3.756443717962525
x_vel_initial = 9.278858070428544
y_vel_initial = 2.4924217611604362
z_vel_initial = -3.3871350864221554