gravity = 10.0
x_pos_initial = 78.41622937615509
y_pos_initial = 76.67435992417711
z_pos_initial = 68.6274581821221
x_vel_initial = 7.839271100440012
y_vel_initial = 4.817464530855739
z_vel_initial = -0.3090272005857493