gravity = 10.0
x_pos_initial = 34.34576444772205
y_pos_initial = 52.704304686074245
z_pos_initial = 83.1854034777438
x_vel_initial = 6.8201378516808155
y_vel_initial = -6.997483451294881
z_vel_initial = 0.1933384908562399
num_bounces = 6
