gravity = 0.0
x_pos_initial = 44.110494539064184
y_pos_initial = 61.084163290854434
z_pos_initial = 5.977914453496869
x_vel_initial = -3.931879147562965
y_vel_initial = -2.631292266298697
z_vel_initial = 5.917080757017514