gravity = 0.0
x_pos_initial = 62.96924675234588
y_pos_initial = 21.769349584837425
z_pos_initial = 85.39749827750072
x_vel_initial = 7.987629149718309
y_vel_initial = -9.576228641777163
z_vel_initial = 0.15528495656266728
num_bounces = 3
