gravity = 10.0
x_pos_initial = 77.9047874414596
y_pos_initial = 73.24294392590193
z_pos_initial = 42.058608511128554
x_vel_initial = 7.115180202257509
y_vel_initial = 0.9733205040278978
z_vel_initial = -2.6976750309445787