gravity = 0.0
x_pos_initial = 10.250021376659781
y_pos_initial = 34.01715526456774
z_pos_initial = 48.30592174543567
x_vel_initial = 1.597753151568515
y_vel_initial = 0.8233036563741916
z_vel_initial = 5.60553508911935