gravity = 10.0
x_pos_initial = 93.59606534323218
y_pos_initial = 27.588821068196626
z_pos_initial = 11.080162487928567
x_vel_initial = -8.41475746648819
y_vel_initial = 9.355553542796848
z_vel_initial = 7.615603164922469
num_bounces = 5
