gravity = 0.0
x_pos_initial = 75.32062590040185
y_pos_initial = 0.9088426718928619
z_pos_initial = 37.67292145185148
x_vel_initial = -1.393459780138791
y_vel_initial = 0.3702664957128263
z_vel_initial = -7.382822780512834