gravity = 10.0
x_pos_initial = 74.93825535164248
y_pos_initial = 19.2528194778192
z_pos_initial = 75.34974914481508
x_vel_initial = -9.946840498182121
y_vel_initial = -0.24688987069605162
z_vel_initial = -0.7238530788367896
num_bounces = 4
