gravity = 0.0
x_pos_initial = 59.73337914118453
y_pos_initial = 42.02210551995956
z_pos_initial = 65.43061270642322
x_vel_initial = -1.3048393885805805
y_vel_initial = 6.990338057405982
z_vel_initial = -4.100434279177076
num_bounces = 2
