gravity = 0.0
x_pos_initial = 43.50183936704395
y_pos_initial = 52.26652830986229
z_pos_initial = 22.515760277012237
x_vel_initial = -3.2017977768868144
y_vel_initial = 8.928933298309374
z_vel_initial = -4.251330255098523