gravity = 0.0
x_pos_initial = 86.7518990375657
y_pos_initial = 32.750121920435085
z_pos_initial = 98.0027096790073
x_vel_initial = 4.63048553370453
y_vel_initial = 1.5180469201930364
z_vel_initial = -8.688734781961532