gravity = 0.0
x_pos_initial = 21.218257041985865
y_pos_initial = 68.3232722489717
z_pos_initial = 32.69578242849438
x_vel_initial = -3.6999894203832415
y_vel_initial = -6.762260095085837
z_vel_initial = -1.3353073553370773
num_bounces = 2
