gravity = 0.5
x_pos_initial = 62.351709288248095
y_pos_initial = 75.88997154506927
z_pos_initial = 57.35821642065118
x_vel_initial = -3.3108994487089003
y_vel_initial = 3.4934138971861284
z_vel_initial = 0.8447903954047611
num_bounces = 19
