gravity = 0.5
x_pos_initial = 23.151610961945288
y_pos_initial = 95.5891883979014
z_pos_initial = 54.807051691889534
x_vel_initial = 0.3137402723352878
y_vel_initial = 8.873408039950387
z_vel_initial = 4.733869965991955
num_bounces = 19
