gravity = 10.0
x_pos_initial = 68.39743824495498
y_pos_initial = 67.57753041098906
z_pos_initial = 8.6615188639291
x_vel_initial = -0.08412917375987128
y_vel_initial = -1.9165833946255582
z_vel_initial = -3.0792707055247988