gravity = 0.5
x_pos_initial = 86.44030560984169
y_pos_initial = 60.41874998541253
z_pos_initial = 58.87727726153587
x_vel_initial = -9.369352808819484
y_vel_initial = 7.735102980194085
z_vel_initial = 2.591383935864304