gravity = 10.0
x_pos_initial = 37.88425860018776
y_pos_initial = 48.65890739321073
z_pos_initial = 62.336236310840405
x_vel_initial = 3.7944304576564445
y_vel_initial = 6.221419261510256
z_vel_initial = -1.6762627548584863
num_bounces = 6
