gravity = 0.0
x_pos_initial = 51.77029301732943
y_pos_initial = 26.321680585481655
z_pos_initial = 97.5260818216087
x_vel_initial = -8.15213920949269
y_vel_initial = 1.9964955213110311
z_vel_initial = 1.6357354826727342