gravity = 10.0
x_pos_initial = 51.86885703266652
y_pos_initial = 12.562380274283047
z_pos_initial = 12.483904605778276
x_vel_initial = -9.649262618877408
y_vel_initial = 3.4914911914446787
z_vel_initial = -9.6842951127458
num_bounces = 7
