gravity = 0.0
x_pos_initial = 60.49217207289566
y_pos_initial = 11.899742869822273
z_pos_initial = 32.59309715680624
x_vel_initial = -4.654126730670733
y_vel_initial = 2.5432599095196924
z_vel_initial = 6.044647051908818
num_bounces = 2
