gravity = 0.5
x_pos_initial = 47.8591142412322
y_pos_initial = 0.30217791303410524
z_pos_initial = 86.24315842170515
x_vel_initial = -1.361905546807371
y_vel_initial = -5.686594412082241
z_vel_initial = 5.932695190162617