gravity = 0.0
x_pos_initial = 3.392807648503214
y_pos_initial = 21.388512224550357
z_pos_initial = 67.25173429352218
x_vel_initial = 7.189528897325534
y_vel_initial = 9.083388300213208
z_vel_initial = 6.504578429731222