gravity = 10.0
x_pos_initial = 25.658675532038657
y_pos_initial = 19.048041488091584
z_pos_initial = 26.942891160985557
x_vel_initial = 3.4891846727010005
y_vel_initial = -8.764095486979059
z_vel_initial = 0.745253005048113