gravity = 0.5
x_pos_initial = 77.45743497429413
y_pos_initial = 37.91145785991632
z_pos_initial = 55.78184032034705
x_vel_initial = 0.3923566853377096
y_vel_initial = 9.133152783793658
z_vel_initial = 8.908783760344704
num_bounces = 20
