gravity = 0.5
x_pos_initial = 2.794863747259938
y_pos_initial = 57.07297387034164
z_pos_initial = 90.43319615251784
x_vel_initial = 0.3865013598565543
y_vel_initial = 3.494984621658686
z_vel_initial = -9.082149798711605
num_bounces = 19
