gravity = 0.5
x_pos_initial = 57.83155251117575
y_pos_initial = 4.3127054817055575
z_pos_initial = 57.97295262311764
x_vel_initial = -1.6553052047152441
y_vel_initial = 0.9998111094165907
z_vel_initial = -7.95726602751281
num_bounces = 8
