gravity = 10.0
x_pos_initial = 88.74283178328879
y_pos_initial = 21.446485990020797
z_pos_initial = 10.105555096625748
x_vel_initial = -2.1940800681668433
y_vel_initial = -4.1774663984523155
z_vel_initial = -5.0388448104734245
num_bounces = 4
