gravity = 0.0
x_pos_initial = 14.456628101098806
y_pos_initial = 44.61089763175905
z_pos_initial = 54.445267395469465
x_vel_initial = -0.8361911820386538
y_vel_initial = 0.0004582367061356507
z_vel_initial = 6.7734050778731145
num_bounces = 2
