gravity = 10.0
x_pos_initial = 39.555470871739125
y_pos_initial = 19.53534334359448
z_pos_initial = 90.15180599713104
x_vel_initial = 8.406718975820276
y_vel_initial = -8.320120033641885
z_vel_initial = 3.123679759854376
num_bounces = 5
