gravity = 0.5
x_pos_initial = 90.83727040019511
y_pos_initial = 71.6345542920128
z_pos_initial = 70.10667383330055
x_vel_initial = -8.979877843058127
y_vel_initial = 9.517023127572784
z_vel_initial = 9.377190343527928
num_bounces = 21
