gravity = 0.5
x_pos_initial = 76.7854241785228
y_pos_initial = 67.96513124278744
z_pos_initial = 62.64645196316762
x_vel_initial = 1.0683790393757775
y_vel_initial = 3.8133554119296065
z_vel_initial = -8.759970438747235
num_bounces = 20
