gravity = 10.0
x_pos_initial = 82.36174566572588
y_pos_initial = 50.395847186463804
z_pos_initial = 93.62898479828489
x_vel_initial = -8.828401046057849
y_vel_initial = 3.198030982429888
z_vel_initial = 0.4728127093827972