gravity = 0.0
x_pos_initial = 60.06779454377604
y_pos_initial = 79.76887090534309
z_pos_initial = 13.989813266695492
x_vel_initial = -8.553215048330395
y_vel_initial = -3.232609480241856
z_vel_initial = -1.9896896041461503
num_bounces = 2
