gravity = 0.0
x_pos_initial = 68.10598962093786
y_pos_initial = 96.87247037639334
z_pos_initial = 92.79184209235841
x_vel_initial = -9.210138986076387
y_vel_initial = -8.548615069595007
z_vel_initial = -7.466101035067755