gravity = 0.5
x_pos_initial = 40.89689616177827
y_pos_initial = 52.95988234701786
z_pos_initial = 95.48748132730685
x_vel_initial = -0.22450946281013273
y_vel_initial = 2.7853161421166277
z_vel_initial = -5.271439901875856
num_bounces = 18
