gravity = 0.0
x_pos_initial = 56.16499067431457
y_pos_initial = 48.09202277164274
z_pos_initial = 95.99091460481198
x_vel_initial = -5.314235064776056
y_vel_initial = 3.5592666240253106
z_vel_initial = -1.943369359090342