gravity = 0.0
x_pos_initial = 13.272796862194175
y_pos_initial = 35.347802530747714
z_pos_initial = 45.15852383785867
x_vel_initial = -2.0819147095846597
y_vel_initial = 1.023254781010401
z_vel_initial = -0.7525259009677061
num_bounces = 1
