gravity = 0.0
x_pos_initial = 59.503316847513794
y_pos_initial = 10.082443436962397
z_pos_initial = 72.06575851881848
x_vel_initial = -7.043023328406157
y_vel_initial = 3.5415587463019733
z_vel_initial = 8.702016889141504