gravity = 0.5
x_pos_initial = 72.26531906288263
y_pos_initial = 14.061551115213017
z_pos_initial = 46.53900679329748
x_vel_initial = 9.640797712292855
y_vel_initial = 5.743889137416957
z_vel_initial = -0.23638426713048233