gravity = 0.0
x_pos_initial = 48.46033413716296
y_pos_initial = 75.62776893227756
z_pos_initial = 41.78476169050645
x_vel_initial = 0.09505593333645379
y_vel_initial = -5.220948860432498
z_vel_initial = 0.6394707815104077
num_bounces = 1
