gravity = 0.5
x_pos_initial = 78.07643972212654
y_pos_initial = 36.757648064378856
z_pos_initial = 93.97279218649697
x_vel_initial = -6.525015359253491
y_vel_initial = -2.9885612187951693
z_vel_initial = -4.154039557918402
num_bounces = 16
