gravity = 0.0
x_pos_initial = 48.30444754543867
y_pos_initial = 95.54560331199819
z_pos_initial = 64.73504008574389
x_vel_initial = -1.2886762176997486
y_vel_initial = -6.302659326291957
z_vel_initial = 8.668172478498615
num_bounces = 3
