gravity = 0.0
x_pos_initial = 30.66519793511625
y_pos_initial = 56.823856314642626
z_pos_initial = 78.62460531903794
x_vel_initial = -3.465461920681892
y_vel_initial = -3.706072928638637
z_vel_initial = -0.3990701986340568
num_bounces = 2
