gravity = 10.0
x_pos_initial = 97.1194798039882
y_pos_initial = 48.76539723320504
z_pos_initial = 15.732257199806476
x_vel_initial = 2.2519760666472433
y_vel_initial = 2.213503550849108
z_vel_initial = -8.229215969111014