gravity = 0.5
x_pos_initial = 73.22807372182538
y_pos_initial = 76.20776790256102
z_pos_initial = 54.94836513949876
x_vel_initial = 2.4280976962228245
y_vel_initial = 6.4902305017471065
z_vel_initial = 0.05781249982155501
num_bounces = 22
