gravity = 0.0
x_pos_initial = 28.095370314280462
y_pos_initial = 66.39518906662954
z_pos_initial = 20.496050559025697
x_vel_initial = -2.5726388287175013
y_vel_initial = -1.5432779242157544
z_vel_initial = -0.6208493631674461
num_bounces = 1
