gravity = 0.0
x_pos_initial = 16.621821792364265
y_pos_initial = 64.67995992865099
z_pos_initial = 80.7226765075666
x_vel_initial = -1.9217696085141256
y_vel_initial = -6.976323981066978
z_vel_initial = 4.841053988302557
num_bounces = 3
