gravity = 0.0
x_pos_initial = 40.23296984263431
y_pos_initial = 81.36693363307043
z_pos_initial = 49.30493416718668
x_vel_initial = 1.0271246304237778
y_vel_initial = -3.7366890606785397
z_vel_initial = -8.269195144577916
num_bounces = 1
