gravity = 0.0
x_pos_initial = 84.61290138806807
y_pos_initial = 35.90925308405789
z_pos_initial = 97.36834548564107
x_vel_initial = -7.643499141294026
y_vel_initial = -8.69841259156395
z_vel_initial = -5.227100374358447