gravity = 0.0
x_pos_initial = 1.1244836002978804
y_pos_initial = 17.488393498656944
z_pos_initial = 35.695069392584145
x_vel_initial = 7.952205616651927
y_vel_initial = -5.370728363952087
z_vel_initial = 7.993195076260548
num_bounces = 3
