gravity = 0.0
x_pos_initial = 83.252449270021
y_pos_initial = 43.61711730276677
z_pos_initial = 16.638129713720488
x_vel_initial = 7.2966675252157565
y_vel_initial = -2.5296221375485244
z_vel_initial = -3.5276552855925143
num_bounces = 4
