gravity = 10.0
x_pos_initial = 84.7200207619825
y_pos_initial = 70.17262736981438
z_pos_initial = 99.57543755664041
x_vel_initial = 7.654942360082803
y_vel_initial = 0.7930657388436941
z_vel_initial = 1.261156125971226