gravity = 0.0
x_pos_initial = 0.9156573223665011
y_pos_initial = 18.96210593869639
z_pos_initial = 92.25180798697129
x_vel_initial = 9.319707536075406
y_vel_initial = 6.421414066897324
z_vel_initial = 6.754941154165479