gravity = 0.5
x_pos_initial = 17.05960070639838
y_pos_initial = 34.87143106026124
z_pos_initial = 16.612323759138558
x_vel_initial = 7.371367137009926
y_vel_initial = -9.609948987836294
z_vel_initial = 5.1997299450389995
num_bounces = 20
