gravity = 0.0
x_pos_initial = 18.997448406793563
y_pos_initial = 51.477885257590685
z_pos_initial = 57.574694390173576
x_vel_initial = 3.8881578863611566
y_vel_initial = -2.0002672248478772
z_vel_initial = -4.232667602363018
num_bounces = 1
