gravity = 10.0
x_pos_initial = 63.9859981982697
y_pos_initial = 86.79414816490159
z_pos_initial = 44.81227811024488
x_vel_initial = -5.172454438318749
y_vel_initial = 5.078944319707041
z_vel_initial = 0.8637254304855855
num_bounces = 7
