gravity = 0.0
x_pos_initial = 6.096250205217186
y_pos_initial = 91.22555825365087
z_pos_initial = 61.07242490344495
x_vel_initial = -7.914203375421057
y_vel_initial = -5.397879864737698
z_vel_initial = 1.6220058694401374
num_bounces = 3
