gravity = 0.0
x_pos_initial = 80.72048699736452
y_pos_initial = 51.095890338116085
z_pos_initial = 67.57205711035492
x_vel_initial = 2.177421393188448
y_vel_initial = 2.818312423443306
z_vel_initial = 8.076761571690007