gravity = 0.0
x_pos_initial = 19.38047666484099
y_pos_initial = 51.47047248658418
z_pos_initial = 87.92745575692182
x_vel_initial = -9.83450748262104
y_vel_initial = -7.5891841151775985
z_vel_initial = 7.108273727939753
num_bounces = 5
