gravity = 10.0
x_pos_initial = 50.562937023358124
y_pos_initial = 98.7363051870155
z_pos_initial = 88.4327360235444
x_vel_initial = -6.891897562308445
y_vel_initial = 5.447459503918047
z_vel_initial = 6.520652341039419
num_bounces = 7
