gravity = 0.0
x_pos_initial = 99.85923330273164
y_pos_initial = 38.81329149762101
z_pos_initial = 76.18371155226377
x_vel_initial = 5.445208601469753
y_vel_initial = -8.497110196897697
z_vel_initial = 5.05500837002546