gravity = 0.0
x_pos_initial = 71.51083659208425
y_pos_initial = 1.2618924573572414
z_pos_initial = 91.95648003500601
x_vel_initial = 5.578785422105653
y_vel_initial = -1.9164805983355837
z_vel_initial = -2.9108602168788815
num_bounces = 2
