gravity = 10.0
x_pos_initial = 43.01050839436764
y_pos_initial = 16.714975502615236
z_pos_initial = 76.85684674208287
x_vel_initial = 2.5723039647360704
y_vel_initial = 4.555839576461711
z_vel_initial = 4.380282802424986
num_bounces = 4
