gravity = 0.0
x_pos_initial = 5.174853911223777
y_pos_initial = 66.75640661970994
z_pos_initial = 64.40068976843271
x_vel_initial = 8.885225339902231
y_vel_initial = -7.349215784125528
z_vel_initial = 7.888349478573083