gravity = 0.0
x_pos_initial = 14.767059059739628
y_pos_initial = 99.3653377380386
z_pos_initial = 91.26579032415944
x_vel_initial = 3.6783028446678827
y_vel_initial = -6.290954430913118
z_vel_initial = 9.951955513561487