gravity = 0.0
x_pos_initial = 92.49699299124087
y_pos_initial = 61.87786344919797
z_pos_initial = 74.27470340407982
x_vel_initial = 0.06181968582436426
y_vel_initial = 0.1520302244549132
z_vel_initial = 2.99535550969828
num_bounces = 1
