gravity = 0.0
x_pos_initial = 25.632211424323305
y_pos_initial = 77.8250573063291
z_pos_initial = 59.12614774819888
x_vel_initial = 2.0598034327005195
y_vel_initial = 6.325569961923193
z_vel_initial = -8.270959782275114