gravity = 0.0
x_pos_initial = 51.078612495782174
y_pos_initial = 11.485720672717706
z_pos_initial = 67.7757303497002
x_vel_initial = -6.719179088404995
y_vel_initial = -2.6916844631745
z_vel_initial = -5.014239109696025
num_bounces = 3
