gravity = 0.5
x_pos_initial = 22.471705960187787
y_pos_initial = 59.557690760205965
z_pos_initial = 54.94382071841563
x_vel_initial = 1.5031095797718432
y_vel_initial = 6.817121504057269
z_vel_initial = 9.241040575329258