gravity = 0.5
x_pos_initial = 89.02543106548117
y_pos_initial = 93.59540684552857
z_pos_initial = 73.9242381297377
x_vel_initial = -5.721982450660806
y_vel_initial = 4.142422187762092
z_vel_initial = -5.401710167045111