gravity = 0.5
x_pos_initial = 16.100650525160713
y_pos_initial = 89.1473293268355
z_pos_initial = 91.26760463336836
x_vel_initial = -8.767522458247704
y_vel_initial = 7.61337658623448
z_vel_initial = 5.506670445271162
num_bounces = 20
