gravity = 0.0
x_pos_initial = 24.952183821634353
y_pos_initial = 20.124174908245337
z_pos_initial = 75.19168766460795
x_vel_initial = 2.2351944072904324
y_vel_initial = 2.7317515766832887
z_vel_initial = 2.370568436511391
num_bounces = 1
