gravity = 0.5
x_pos_initial = 52.223505838771175
y_pos_initial = 86.73790214174821
z_pos_initial = 73.58237066812967
x_vel_initial = -6.873329506373214
y_vel_initial = -1.199255951011148
z_vel_initial = 0.6990239765713095
num_bounces = 16
