gravity = 10.0
x_pos_initial = 61.8774436505107
y_pos_initial = 55.96687314989605
z_pos_initial = 84.96746333880351
x_vel_initial = -9.971281990295477
y_vel_initial = -1.1614523366156586
z_vel_initial = 3.584450361312731