gravity = 0.5
x_pos_initial = 0.3823803891869013
y_pos_initial = 8.36594797805675
z_pos_initial = 60.12107445589917
x_vel_initial = 7.387185297370344
y_vel_initial = -3.8589744702481363
z_vel_initial = -3.0270110770817675