gravity = 0.0
x_pos_initial = 77.03938968960398
y_pos_initial = 60.39488577311665
z_pos_initial = 38.92326483325065
x_vel_initial = 6.060905720823353
y_vel_initial = -6.740061777837262
z_vel_initial = -0.407783567488158