gravity = 0.0
x_pos_initial = 93.49373354408593
y_pos_initial = 58.916963873717336
z_pos_initial = 39.333350259682035
x_vel_initial = -5.766146532478435
y_vel_initial = 6.846691093646925
z_vel_initial = -0.6766920136274823
num_bounces = 2
