gravity = 0.0
x_pos_initial = 55.63172464377092
y_pos_initial = 20.40047205257433
z_pos_initial = 54.322220181393874
x_vel_initial = 0.9096959976467272
y_vel_initial = -4.508045889785584
z_vel_initial = 5.503546334947055
num_bounces = 2
