gravity = 0.0
x_pos_initial = 38.499527249501355
y_pos_initial = 77.64926264181335
z_pos_initial = 75.495949358849
x_vel_initial = -8.227804355371475
y_vel_initial = 1.2059533175392598
z_vel_initial = -2.037248602049112