gravity = 0.0
x_pos_initial = 75.21980384386673
y_pos_initial = 71.8550097634256
z_pos_initial = 11.97318303640717
x_vel_initial = -1.4050843916395586
y_vel_initial = -0.9619239616218209
z_vel_initial = -8.32829070683766