gravity = 10.0
x_pos_initial = 63.370648236895356
y_pos_initial = 57.79167823925325
z_pos_initial = 26.185523523613064
x_vel_initial = -6.662030767006213
y_vel_initial = 8.45049121011635
z_vel_initial = -1.648820336707706