gravity = 10.0
x_pos_initial = 61.886816893338384
y_pos_initial = 82.99464414023942
z_pos_initial = 74.74508579763274
x_vel_initial = -8.124837614784942
y_vel_initial = 4.973337090404819
z_vel_initial = -1.9703658418600103