gravity = 10.0
x_pos_initial = 77.51277492432578
y_pos_initial = 31.21992413031621
z_pos_initial = 78.84869123371041
x_vel_initial = -0.7216820863370419
y_vel_initial = -5.882465081205989
z_vel_initial = -5.209681725513471
num_bounces = 6
