gravity = 0.0
x_pos_initial = 82.22271596070185
y_pos_initial = 86.0621747426973
z_pos_initial = 47.73947544794169
x_vel_initial = 5.1322326628179695
y_vel_initial = -3.481144581852508
z_vel_initial = 8.080245324541192
num_bounces = 2
