gravity = 10.0
x_pos_initial = 81.69516719445313
y_pos_initial = 29.567935069590124
z_pos_initial = 57.95482491650315
x_vel_initial = -4.603394606116163
y_vel_initial = 2.0618179135589827
z_vel_initial = 9.055147791657578