gravity = 10.0
x_pos_initial = 50.14991857363015
y_pos_initial = 4.956603949553388
z_pos_initial = 67.0942777529726
x_vel_initial = -2.951964317988705
y_vel_initial = 2.2763754899311532
z_vel_initial = 5.086703101888245