gravity = 0.5
x_pos_initial = 24.930804048339255
y_pos_initial = 92.66829271267522
z_pos_initial = 94.3776674820537
x_vel_initial = 5.5608514578820305
y_vel_initial = 4.263083245399441
z_vel_initial = -3.7206886701821382
num_bounces = 20
