gravity = 10.0
x_pos_initial = 8.980140357109924
y_pos_initial = 77.2051780326495
z_pos_initial = 11.633448246587244
x_vel_initial = -5.002258894529511
y_vel_initial = 7.875844053431901
z_vel_initial = 6.097634536169458