gravity = 10.0
x_pos_initial = 73.4099292284875
y_pos_initial = 73.98674528259171
z_pos_initial = 63.71331191749203
x_vel_initial = -1.7808362340828765
y_vel_initial = 3.632027957249697
z_vel_initial = -2.632060288289524