gravity = 0.0
x_pos_initial = 81.34282681952332
y_pos_initial = 55.151537010507724
z_pos_initial = 27.66311142077135
x_vel_initial = -6.846801425886715
y_vel_initial = 0.3440079058471994
z_vel_initial = 4.471619745087967
num_bounces = 2
