gravity = 0.0
x_pos_initial = 96.87940672548152
y_pos_initial = 52.68971972021981
z_pos_initial = 48.74167106212959
x_vel_initial = 1.391448373766508
y_vel_initial = -1.43522816682683
z_vel_initial = -3.786521060479953
num_bounces = 2
