gravity = 0.0
x_pos_initial = 60.32123499738671
y_pos_initial = 50.76774437373241
z_pos_initial = 14.169488081688483
x_vel_initial = -7.6739987118645105
y_vel_initial = -2.0957535257117925
z_vel_initial = 2.620489705802079
num_bounces = 1
