gravity = 10.0
x_pos_initial = 21.79214830030728
y_pos_initial = 41.90981124372983
z_pos_initial = 55.86871471275926
x_vel_initial = -7.570002418702025
y_vel_initial = -5.46140821884981
z_vel_initial = 7.755339701830806