gravity = 10.0
x_pos_initial = 57.46323346812241
y_pos_initial = 88.7334359798568
z_pos_initial = 27.719745177695827
x_vel_initial = 8.89842827572901
y_vel_initial = 7.382172536123296
z_vel_initial = 2.934289162440203
num_bounces = 8
