gravity = 10.0
x_pos_initial = 12.561347902555589
y_pos_initial = 68.5055901408144
z_pos_initial = 6.0188516324723
x_vel_initial = -2.0631002749105987
y_vel_initial = 8.976042726491293
z_vel_initial = -7.013706534748696