gravity = 0.5
x_pos_initial = 18.452234446605456
y_pos_initial = 33.93396287117702
z_pos_initial = 82.38524403228517
x_vel_initial = 8.629067133884515
y_vel_initial = 3.977369210975917
z_vel_initial = 5.544155177278748