gravity = 0.0
x_pos_initial = 14.137483062574407
y_pos_initial = 93.98670075773806
z_pos_initial = 15.827673099336732
x_vel_initial = 8.976712420060135
y_vel_initial = 3.513363211771896
z_vel_initial = 9.544325837699546
num_bounces = 3
