gravity = 0.0
x_pos_initial = 14.434141158004113
y_pos_initial = 16.716301353695457
z_pos_initial = 8.273507297041457
x_vel_initial = 4.04483577116755
y_vel_initial = 3.998139840172797
z_vel_initial = 0.08889981141841474