gravity = 0.0
x_pos_initial = 78.35456838259154
y_pos_initial = 95.53121646967972
z_pos_initial = 99.80325346193291
x_vel_initial = -0.44205323051482104
y_vel_initial = 4.504916244003557
z_vel_initial = -2.694051543622839
num_bounces = 1
