gravity = 0.5
x_pos_initial = 0.2777068741397566
y_pos_initial = 14.97440372299358
z_pos_initial = 19.889964986976565
x_vel_initial = -7.432546899740325
y_vel_initial = 5.177391747729036
z_vel_initial = -0.7051973325513661