gravity = 0.0
x_pos_initial = 34.29552972419543
y_pos_initial = 57.86862319194092
z_pos_initial = 59.78807481236994
x_vel_initial = 6.54565403599543
y_vel_initial = -6.19978696860338
z_vel_initial = 8.846407616806658
num_bounces = 4
