gravity = 0.0
x_pos_initial = 49.63017931368073
y_pos_initial = 76.72627256329577
z_pos_initial = 39.6555351041427
x_vel_initial = 8.103331843082373
y_vel_initial = 5.789051777409748
z_vel_initial = -2.1367981504342337