gravity = 0.0
x_pos_initial = 82.2162975898017
y_pos_initial = 45.34191266354875
z_pos_initial = 33.29222472811697
x_vel_initial = -9.979546510669188
y_vel_initial = 4.062260312656864
z_vel_initial = -4.5628026174735945