gravity = 10.0
x_pos_initial = 58.0235831958755
y_pos_initial = 98.85802678057763
z_pos_initial = 13.485577958365996
x_vel_initial = 9.760742518962559
y_vel_initial = -5.693158422686153
z_vel_initial = 3.324296110825106