gravity = 0.0
x_pos_initial = 93.71233000704218
y_pos_initial = 33.49055041613726
z_pos_initial = 63.79263478793804
x_vel_initial = -6.156370713028749
y_vel_initial = -6.409822933995692
z_vel_initial = -8.780581083349025
num_bounces = 3
