gravity = 0.0
x_pos_initial = 24.724198784012057
y_pos_initial = 31.101246939747924
z_pos_initial = 15.06847907938968
x_vel_initial = -5.956689219568349
y_vel_initial = -2.976603666763264
z_vel_initial = 3.8579384550846925
num_bounces = 2
