gravity = 0.5
x_pos_initial = 3.8825669442619293
y_pos_initial = 99.16279571100132
z_pos_initial = 69.51383452367521
x_vel_initial = 6.242363618323079
y_vel_initial = -8.92138814294267
z_vel_initial = 5.93072250194119