gravity = 0.5
x_pos_initial = 25.358068503877764
y_pos_initial = 44.35949488000004
z_pos_initial = 21.742847393583016
x_vel_initial = 5.625813896667342
y_vel_initial = 7.440155241409013
z_vel_initial = 2.434663242765735
num_bounces = 19
