gravity = 10.0
x_pos_initial = 39.26453804333585
y_pos_initial = 16.74314341469876
z_pos_initial = 36.67168545594617
x_vel_initial = 1.3114025275237147
y_vel_initial = -5.99409095093286
z_vel_initial = -1.4423385502018053
num_bounces = 3
