gravity = 0.5
x_pos_initial = 11.773328784688571
y_pos_initial = 98.82222801179468
z_pos_initial = 88.89410576400972
x_vel_initial = -3.505306268885878
y_vel_initial = -5.0979817839317505
z_vel_initial = 1.0788282088239
num_bounces = 20
