gravity = 0.5
x_pos_initial = 38.3096724216187
y_pos_initial = 5.642829409373048
z_pos_initial = 59.46666400599155
x_vel_initial = -4.382152080347634
y_vel_initial = -3.257831082898977
z_vel_initial = 6.297517483502997