gravity = 0.0
x_pos_initial = 27.33164743983713
y_pos_initial = 25.050004352790346
z_pos_initial = 52.94975601329303
x_vel_initial = -3.525024825252139
y_vel_initial = 9.623920465410947
z_vel_initial = -3.7789892289636047
num_bounces = 3
