gravity = 0.0
x_pos_initial = 16.31887405795776
y_pos_initial = 94.0858385151709
z_pos_initial = 35.03697183642793
x_vel_initial = 3.9042727513184996
y_vel_initial = -4.142698438166218
z_vel_initial = 8.505474417844603