gravity = 0.0
x_pos_initial = 6.66745178517246
y_pos_initial = 23.56994621912277
z_pos_initial = 93.94214965674506
x_vel_initial = 0.8571293543508318
y_vel_initial = -1.9873121381061143
z_vel_initial = -6.2517264246130875