gravity = 0.0
x_pos_initial = 39.2936939951098
y_pos_initial = 17.858402256609175
z_pos_initial = 8.620175123214292
x_vel_initial = 4.100813195250778
y_vel_initial = -3.3229987775412866
z_vel_initial = 6.2177100369164044