gravity = 10.0
x_pos_initial = 84.83416010345815
y_pos_initial = 17.491898918182848
z_pos_initial = 75.81233749124388
x_vel_initial = 9.333936170231901
y_vel_initial = 9.029371784877878
z_vel_initial = -5.373208653332623
num_bounces = 6
