gravity = 10.0
x_pos_initial = 51.02691489252818
y_pos_initial = 36.58040263339742
z_pos_initial = 91.6571443016686
x_vel_initial = 7.289838550608188
y_vel_initial = -0.722887110638073
z_vel_initial = -2.9199873121470583