gravity = 0.0
x_pos_initial = 90.74402545573888
y_pos_initial = 55.051338897580294
z_pos_initial = 59.31471211310799
x_vel_initial = -5.992844079014682
y_vel_initial = 8.010740974108991
z_vel_initial = -7.808713926106667
num_bounces = 3
