gravity = 10.0
x_pos_initial = 6.11554875197538
y_pos_initial = 9.694234552570746
z_pos_initial = 80.28779588826788
x_vel_initial = 7.197299562092223
y_vel_initial = 0.721850725761529
z_vel_initial = 5.861976944447958