gravity = 0.0
x_pos_initial = 39.38693756738036
y_pos_initial = 59.271526037043294
z_pos_initial = 17.87247417134855
x_vel_initial = 7.397412947822229
y_vel_initial = -4.152269313340557
z_vel_initial = -4.071051454053132