gravity = 0.0
x_pos_initial = 57.8534636671585
y_pos_initial = 19.17833414516327
z_pos_initial = 87.17893303509021
x_vel_initial = 8.293823519552298
y_vel_initial = -4.683520616780277
z_vel_initial = -3.1182730108210004