gravity = 0.5
x_pos_initial = 51.24035524930566
y_pos_initial = 77.11939437972394
z_pos_initial = 59.072620967842205
x_vel_initial = 4.18976447859478
y_vel_initial = 3.1827551969710814
z_vel_initial = -3.8402598206517027
num_bounces = 21
