gravity = 0.0
x_pos_initial = 24.603479632241115
y_pos_initial = 42.12876011890859
z_pos_initial = 43.614579091991594
x_vel_initial = 7.4610020441551335
y_vel_initial = -0.9135330207291705
z_vel_initial = 6.013926032066365
num_bounces = 2
