gravity = 0.5
x_pos_initial = 1.0097525232451148
y_pos_initial = 16.07399979019859
z_pos_initial = 24.153941804759853
x_vel_initial = -0.5536048836168685
y_vel_initial = 3.2530115120317884
z_vel_initial = 5.412438834869874
num_bounces = 14
