gravity = 0.5
x_pos_initial = 26.179362045408126
y_pos_initial = 14.625602652647325
z_pos_initial = 33.42538016851454
x_vel_initial = 9.879004641616035
y_vel_initial = 8.55465600201742
z_vel_initial = -8.08618305858146