gravity = 10.0
x_pos_initial = 86.01627119780696
y_pos_initial = 17.300188068420784
z_pos_initial = 99.87276253930702
x_vel_initial = 4.209978528972314
y_vel_initial = -1.377076747709534
z_vel_initial = -6.411655395299842