gravity = 10.0
x_pos_initial = 0.6258377035473881
y_pos_initial = 2.459264527059306
z_pos_initial = 26.729973788616284
x_vel_initial = 0.30499241276874045
y_vel_initial = 9.098654083046934
z_vel_initial = -7.6192330294565735
num_bounces = 3
