gravity = 0.0
x_pos_initial = 4.508221293592622
y_pos_initial = 34.67134987275252
z_pos_initial = 14.50982384423379
x_vel_initial = 4.5527840949593195
y_vel_initial = 6.75076743137587
z_vel_initial = 9.769193568254249