gravity = 10.0
x_pos_initial = 70.39647246019211
y_pos_initial = 64.15405022669381
z_pos_initial = 4.058862781528203
x_vel_initial = 6.420947345277259
y_vel_initial = 1.0132675705010268
z_vel_initial = -3.592499199983595
num_bounces = 8
