gravity = 0.5
x_pos_initial = 13.11081847755705
y_pos_initial = 72.05318009725421
z_pos_initial = 22.367816006876673
x_vel_initial = -6.822890846029896
y_vel_initial = -5.2338270596895775
z_vel_initial = 7.413803909555924