gravity = 0.0
x_pos_initial = 88.88805754652074
y_pos_initial = 11.8716788861685
z_pos_initial = 50.933693899139364
x_vel_initial = 6.07220807947127
y_vel_initial = 7.912273543736436
z_vel_initial = 4.57846598455569