gravity = 10.0
x_pos_initial = 48.64733635514703
y_pos_initial = 95.54529125475185
z_pos_initial = 3.4073159121268812
x_vel_initial = -3.107347600321985
y_vel_initial = -5.6200408790758845
z_vel_initial = 5.568868084768921
num_bounces = 6
