gravity = 0.0
x_pos_initial = 19.68737160027539
y_pos_initial = 41.19720177324128
z_pos_initial = 0.6988141501942197
x_vel_initial = 9.349752714418123
y_vel_initial = 5.950913351859146
z_vel_initial = 0.999086211812168
num_bounces = 2
